DPQ010,DPQ020,DPQ030,DPQ040,DPQ050,DPQ060,DPQ070,DPQ080,DPQ090,DPQ100,SEQN
0,0,0,0,0,0,0,0,0,NA,93708
1,0,1,0,0,0,0,0,0,0,93711
0,0,1,0,0,0,0,0,0,0,93712
1,0,0,1,0,0,0,0,0,0,93714
NA,NA,NA,NA,NA,NA,NA,NA,NA,NA,93718
0,0,1,0,0,0,0,0,0,0,93722
0,0,0,0,0,0,0,0,0,NA,93728
0,0,0,0,0,0,0,0,0,NA,93732
NA,NA,NA,NA,NA,NA,NA,NA,NA,NA,93735
0,0,1,3,1,0,0,0,0,0,93743
0,3,0,0,0,0,0,0,0,0,93761
0,0,0,0,0,0,0,0,0,NA,93770
0,1,0,1,0,0,0,0,1,0,93773
0,1,0,2,0,1,0,0,0,0,93778
0,0,1,1,0,0,0,0,0,0,93788
1,0,0,1,0,0,0,0,0,0,93791
0,0,0,0,2,0,0,0,0,0,93795
NA,NA,NA,NA,NA,NA,NA,NA,NA,NA,93796
0,0,0,1,1,0,0,0,0,0,93797
0,0,3,1,0,0,0,0,0,0,93800
0,0,0,0,0,0,0,0,0,NA,93814
2,3,3,3,1,2,3,0,0,2,93815
1,1,3,2,3,1,2,1,1,1,93823
0,0,0,0,0,0,0,0,0,NA,93825
2,1,0,1,0,0,0,0,1,1,93827
0,0,0,0,0,0,0,0,0,NA,93839
0,0,0,1,1,0,0,0,0,0,93846
0,2,3,2,3,0,0,0,2,0,93848
0,0,0,0,0,0,0,0,0,NA,93850
0,0,0,0,0,0,0,0,0,NA,93855
1,1,0,1,1,0,0,0,0,0,93856
0,1,0,0,0,0,0,0,0,0,93861
0,0,1,0,0,0,0,0,0,0,93866
0,0,0,0,0,0,0,0,0,NA,93869
0,0,0,0,0,0,0,0,0,NA,93875
0,0,1,1,0,0,0,0,0,0,93877
1,0,0,0,1,0,0,0,0,0,93878
0,9,9,9,9,9,9,9,9,NA,93887
1,1,0,0,0,1,0,0,0,0,93890
0,0,0,0,0,0,0,0,0,NA,93891
0,0,0,0,0,0,0,0,0,NA,93893
1,1,1,1,1,0,1,0,0,0,93895
0,0,3,0,0,0,0,0,0,0,93907
0,0,3,3,2,0,0,0,0,0,93914
0,0,0,0,0,0,0,0,0,NA,93916
0,0,0,0,0,0,0,0,0,NA,93918
0,3,3,0,0,0,3,0,0,0,93924
0,0,0,0,0,0,0,0,0,NA,93927
0,0,3,0,0,0,0,0,0,0,93930
0,0,0,0,0,0,0,0,0,NA,93932
0,0,0,0,0,0,0,0,0,NA,93940
0,0,0,1,0,0,0,0,0,0,93941
0,0,0,0,0,0,0,0,0,NA,93946
NA,NA,NA,NA,NA,NA,NA,NA,NA,NA,93952
0,0,2,0,0,0,0,0,0,0,93959
0,0,0,1,0,0,0,0,0,0,93972
NA,NA,NA,NA,NA,NA,NA,NA,NA,NA,93981
0,0,0,0,0,0,0,0,0,NA,93987
1,1,1,1,1,1,0,0,0,0,93988
0,0,1,1,0,0,0,0,0,0,93989
0,0,3,0,2,0,0,0,0,0,93990
3,0,2,1,0,0,0,0,0,1,94003
0,0,0,1,0,0,1,0,0,0,94016
0,0,0,0,0,0,0,0,0,NA,94017
0,0,0,0,0,0,0,0,0,NA,94019
0,1,1,0,1,0,0,0,0,0,94030
0,0,0,2,3,2,0,3,0,0,94038
0,0,0,0,0,0,0,0,0,NA,94039
0,0,2,0,1,0,0,0,0,0,94040
3,3,3,3,0,3,1,0,1,2,94044
1,0,0,1,0,0,0,0,0,0,94048
0,0,0,1,0,0,1,0,0,0,94049
1,1,3,3,3,3,3,3,0,3,94050
NA,NA,NA,NA,NA,NA,NA,NA,NA,NA,94055
1,2,3,1,0,0,2,0,0,0,94057
0,0,0,0,0,0,0,0,0,NA,94058
0,0,1,1,0,0,0,0,0,0,94065
0,1,1,1,0,1,0,0,0,0,94082
3,0,1,3,1,0,0,0,0,0,94086
0,0,1,1,1,0,0,0,0,0,94093
2,2,1,2,1,3,1,0,0,1,94099
0,0,0,0,0,0,0,0,0,NA,94101
0,0,0,1,0,0,0,0,0,0,94106
0,0,0,1,1,0,3,0,0,0,94108
0,0,0,1,1,0,1,0,0,0,94122
0,2,1,3,3,3,3,2,0,3,94126
1,1,1,1,1,1,1,0,0,0,94131
1,1,1,1,1,0,1,1,0,0,94134
1,0,3,3,1,0,0,0,0,0,94135
0,0,0,1,0,0,0,0,0,0,94137
0,0,1,0,0,1,0,0,0,1,94144
1,1,0,1,0,1,0,0,0,0,94152
0,0,0,0,0,0,0,0,0,NA,94154
NA,NA,NA,NA,NA,NA,NA,NA,NA,NA,94161
1,3,1,3,3,1,3,2,2,2,94162
0,0,0,0,0,0,0,0,0,NA,94169
NA,NA,NA,NA,NA,NA,NA,NA,NA,NA,94182
0,0,0,0,0,0,0,0,0,NA,94187
0,0,0,0,0,0,0,0,0,NA,94214
NA,NA,NA,NA,NA,NA,NA,NA,NA,NA,94217
NA,NA,NA,NA,NA,NA,NA,NA,NA,NA,94221
NA,NA,NA,NA,NA,NA,NA,NA,NA,NA,94224
0,0,0,0,0,0,0,0,0,NA,94227
0,1,3,2,1,0,0,0,0,0,94229
0,0,0,0,0,0,0,0,0,NA,94235
0,0,0,0,0,0,0,0,0,NA,94237
0,1,0,0,0,0,0,0,0,0,94241
0,0,0,0,0,0,0,0,0,NA,94243
2,0,1,1,1,0,0,0,0,1,94249
0,0,0,0,0,0,0,0,0,NA,94259
1,1,1,1,0,0,0,1,0,1,94270
0,0,0,3,0,0,0,0,0,0,94276
2,0,0,1,2,0,0,0,0,0,94283
0,0,0,0,0,0,0,0,0,NA,94293
0,0,0,0,0,0,0,0,0,NA,94300
0,0,1,1,1,0,0,0,0,0,94302
0,0,0,0,0,0,1,0,0,1,94304
1,2,3,2,0,1,2,2,0,1,94305
0,0,0,0,0,0,0,0,0,NA,94313
0,0,0,0,0,0,0,0,0,NA,94314
0,3,0,1,0,3,0,3,1,0,94320
NA,NA,NA,NA,NA,NA,NA,NA,NA,NA,94322
0,0,0,0,0,0,0,0,0,NA,94323
1,0,0,0,0,0,0,0,0,0,94324
1,2,3,2,0,0,0,0,0,0,94325
0,0,0,0,0,0,0,0,0,NA,94326
0,0,1,1,0,0,0,0,0,0,94330
0,0,0,1,0,0,0,0,0,0,94337
1,1,0,0,1,0,0,0,0,0,94341
0,1,0,0,0,0,0,0,0,0,94345
1,1,3,0,0,1,1,0,0,0,94352
NA,NA,NA,NA,NA,NA,NA,NA,NA,NA,94353
0,0,2,1,0,0,3,3,0,0,94374
0,0,1,1,0,0,0,0,0,0,94376
0,0,0,0,0,0,0,0,0,NA,94377
1,2,1,2,0,2,0,3,0,1,94380
0,0,0,0,0,0,0,0,0,NA,94381
1,0,0,0,0,0,0,0,0,0,94385
1,1,1,1,1,0,0,0,0,1,94386
2,0,3,2,1,1,0,0,0,0,94394
0,0,3,3,0,0,3,0,0,0,94398
0,0,0,0,0,0,0,0,0,NA,94401
0,0,0,0,0,0,0,0,0,NA,94404
2,3,3,3,2,2,3,1,1,1,94405
0,0,0,1,0,0,0,0,0,0,94407
2,0,2,2,0,3,0,0,0,0,94410
NA,NA,NA,NA,NA,NA,NA,NA,NA,NA,94412
2,2,0,2,0,2,2,0,0,0,94414
3,2,1,3,0,0,0,0,0,0,94416
0,0,0,0,0,0,0,0,0,NA,94423
1,1,0,1,1,1,0,0,1,1,94425
0,0,1,1,0,0,0,0,0,0,94430
0,0,0,1,0,0,0,0,0,0,94431
0,0,3,3,2,0,1,1,0,1,94443
0,0,0,0,0,0,0,0,0,NA,94445
0,0,1,1,2,0,1,1,0,1,94450
NA,NA,NA,NA,NA,NA,NA,NA,NA,NA,94458
0,0,0,1,0,0,0,0,0,0,94461
0,0,0,1,0,1,0,0,0,0,94467
0,0,0,1,0,0,0,0,0,0,94470
0,0,0,0,0,0,0,0,0,NA,94471
0,0,0,0,0,0,0,0,0,NA,94474
NA,NA,NA,NA,NA,NA,NA,NA,NA,NA,94475
2,0,1,2,2,0,0,0,0,0,94477
0,0,0,0,1,0,0,0,0,0,94478
0,0,1,1,1,0,0,0,0,0,94481
0,0,0,1,0,0,0,0,0,0,94483
1,0,1,1,0,1,1,0,0,1,94486
2,0,0,1,2,1,0,0,0,0,94491
0,0,0,0,0,0,0,0,0,NA,94493
0,0,0,0,0,0,0,0,0,NA,94497
0,0,2,0,0,0,0,0,0,0,94499
0,0,1,1,0,1,0,0,0,1,94500
0,0,0,1,0,0,0,0,0,0,94501
0,0,1,1,0,1,0,0,0,0,94503
0,1,3,2,0,1,0,0,0,0,94504
1,1,3,0,3,0,0,0,0,0,94509
0,0,1,1,0,0,0,0,0,0,94510
1,0,0,1,2,0,0,0,0,0,94512
NA,NA,NA,NA,NA,NA,NA,NA,NA,NA,94526
0,0,0,0,3,0,0,0,0,0,94529
1,0,1,1,2,0,0,0,0,0,94530
0,0,0,0,0,0,0,0,0,NA,94534
0,0,0,0,0,0,0,0,0,NA,94542
0,0,1,1,0,0,0,0,0,0,94546
3,1,1,3,0,0,0,0,0,0,94549
0,0,1,0,0,0,0,0,0,0,94554
0,0,2,1,0,0,0,0,0,0,94557
1,1,3,3,0,1,0,0,0,0,94569
0,0,0,1,0,0,0,0,0,0,94571
0,0,0,1,0,0,0,0,0,0,94575
0,0,2,1,0,0,0,0,0,0,94578
0,0,0,3,0,0,0,0,0,0,94583
3,1,3,3,0,0,0,0,0,1,94590
0,0,0,0,0,0,0,0,0,NA,94595
0,0,0,1,0,0,0,0,0,1,94596
0,0,1,1,0,0,0,0,0,0,94606
0,0,1,1,0,0,0,0,0,0,94609
0,0,2,0,3,1,0,1,0,0,94615
0,0,0,0,0,0,0,0,0,NA,94623
0,0,1,1,1,0,0,0,0,0,94627
NA,NA,NA,NA,NA,NA,NA,NA,NA,NA,94641
0,0,0,1,0,0,0,0,0,0,94642
1,0,1,1,0,1,0,0,0,0,94644
NA,NA,NA,NA,NA,NA,NA,NA,NA,NA,94647
0,0,0,0,0,0,0,0,0,NA,94649
1,1,1,1,1,0,1,1,0,1,94654
0,0,0,0,0,0,0,0,0,NA,94660
0,1,0,2,0,0,0,0,0,0,94666
0,0,0,0,0,0,0,0,0,NA,94670
1,0,2,2,1,0,0,1,0,1,94677
0,0,0,0,0,0,0,0,0,NA,94679
0,0,0,0,0,0,0,0,0,NA,94693
0,0,0,0,0,0,0,0,0,NA,94697
NA,NA,NA,NA,NA,NA,NA,NA,NA,NA,94707
0,3,3,3,0,0,0,3,3,0,94710
0,0,1,0,0,0,1,0,0,0,94719
0,0,0,0,0,0,0,0,0,NA,94725
0,0,0,0,0,0,0,0,0,NA,94739
0,0,0,0,0,0,0,0,0,NA,94740
2,1,1,2,0,0,0,0,0,1,94744
1,0,0,0,0,0,0,0,0,1,94748
0,0,0,0,3,2,0,0,0,0,94754
0,0,0,3,0,0,0,0,1,0,94760
0,0,0,1,0,0,0,0,0,0,94761
0,0,0,2,0,0,0,0,0,0,94763
0,1,2,1,1,1,2,0,0,1,94773
0,0,2,0,0,0,1,0,0,0,94783
0,0,0,0,0,0,0,0,0,NA,94785
0,0,0,1,0,0,0,0,0,0,94793
0,0,2,0,0,0,0,0,0,0,94808
NA,NA,NA,NA,NA,NA,NA,NA,NA,NA,94810
NA,NA,NA,NA,NA,NA,NA,NA,NA,NA,94811
0,0,0,1,0,0,0,0,0,0,94832
NA,NA,NA,NA,NA,NA,NA,NA,NA,NA,94847
0,0,0,2,0,0,0,0,0,0,94848
0,0,0,0,0,0,0,0,0,NA,94850
0,1,1,0,0,1,1,0,0,1,94852
0,0,0,0,0,0,0,0,0,NA,94862
0,0,0,0,0,0,0,0,0,NA,94868
1,0,0,0,0,0,0,0,0,0,94873
0,0,0,0,0,0,0,0,0,NA,94879
0,0,0,1,0,0,0,0,0,0,94891
1,0,1,3,2,0,1,1,0,1,94898
0,0,0,0,0,0,0,0,0,NA,94899
0,0,1,1,0,0,0,0,0,0,94905
0,0,0,0,0,0,3,0,0,0,94906
0,0,0,0,0,0,0,0,0,NA,94907
0,0,0,1,0,0,0,0,0,0,94910
0,0,0,0,0,0,0,0,0,NA,94916
0,0,1,0,0,0,0,0,0,0,94918
0,0,0,1,0,0,0,0,0,0,94921
0,0,1,0,0,0,0,0,0,0,94931
1,1,0,0,1,2,0,0,1,0,94935
0,0,0,0,0,0,0,0,0,NA,94939
1,1,1,1,1,0,1,0,0,0,94950
1,1,2,2,2,1,1,0,0,1,94953
0,0,0,0,0,0,0,0,0,NA,94962
0,0,0,0,0,0,0,0,0,NA,94967
NA,NA,NA,NA,NA,NA,NA,NA,NA,NA,94968
0,0,2,1,0,0,0,0,0,0,94972
0,0,1,1,0,0,0,0,0,0,94982
0,0,0,0,0,0,0,0,0,NA,94984
0,1,0,1,3,0,1,1,0,0,94997
NA,NA,NA,NA,NA,NA,NA,NA,NA,NA,95000
0,0,1,0,0,0,0,0,0,0,95002
0,1,0,3,2,0,0,0,0,0,95011
0,0,1,1,0,0,0,0,0,0,95013
1,1,3,1,0,0,0,0,0,1,95020
0,0,1,0,0,0,0,0,0,0,95024
0,0,0,1,0,0,0,0,0,0,95025
2,1,2,2,2,0,3,1,0,2,95029
1,1,0,1,1,1,0,0,0,1,95031
NA,NA,NA,NA,NA,NA,NA,NA,NA,NA,95033
0,0,0,0,0,0,0,0,0,NA,95036
0,0,2,2,0,0,0,0,0,0,95037
0,0,0,0,1,0,0,0,0,0,95040
2,2,1,1,2,0,0,3,0,2,95041
NA,NA,NA,NA,NA,NA,NA,NA,NA,NA,95043
0,3,2,0,0,3,1,0,0,1,95048
2,0,1,1,1,2,0,0,0,0,95051
3,3,3,3,0,3,0,0,3,0,95053
0,0,0,0,0,0,0,0,0,NA,95055
0,0,0,0,0,0,0,0,0,NA,95057
2,1,2,2,2,0,2,0,0,2,95062
0,2,2,0,2,0,0,2,0,0,95064
0,1,0,1,0,0,0,2,0,1,95066
0,0,1,0,0,0,1,0,0,0,95067
0,0,0,0,0,0,0,0,0,NA,95073
1,0,0,1,0,1,0,0,0,0,95077
0,0,0,1,2,0,0,0,0,0,95091
0,0,0,0,0,0,0,0,0,NA,95095
0,0,0,0,0,0,0,0,0,NA,95096
0,0,1,1,0,0,0,0,0,0,95097
0,0,0,0,0,0,0,0,0,NA,95101
0,0,0,0,0,0,0,0,0,NA,95103
0,0,0,1,0,0,0,0,0,0,95114
0,0,0,1,1,0,0,0,0,0,95123
0,1,0,1,1,2,0,1,0,0,95124
0,0,0,0,0,0,0,0,0,NA,95131
0,0,0,3,0,0,0,0,0,0,95134
3,2,1,3,2,3,2,0,2,2,95135
1,3,2,3,3,0,0,1,0,1,95138
0,0,0,0,0,0,0,0,0,NA,95151
0,2,2,2,2,0,2,0,0,1,95152
0,0,0,0,0,0,0,0,0,NA,95155
0,0,0,0,0,0,0,0,0,NA,95168
1,0,2,2,1,0,1,0,0,0,95172
0,0,0,0,0,0,0,0,0,NA,95179
0,0,0,0,0,0,0,0,0,NA,95181
0,0,0,0,0,0,1,0,0,0,95184
1,1,1,1,1,0,0,0,0,1,95190
0,0,0,0,0,0,0,0,0,NA,95194
0,0,0,0,1,0,0,0,0,0,95198
0,0,1,1,2,0,0,0,0,0,95199
0,0,0,0,0,0,0,0,0,NA,95203
0,0,0,1,0,0,0,0,0,0,95207
0,0,0,1,1,0,0,0,0,0,95210
1,1,0,1,0,1,0,0,0,1,95211
1,0,1,1,0,0,1,0,0,0,95222
0,0,1,1,0,0,0,1,0,0,95224
0,2,1,3,0,0,0,0,0,1,95233
0,3,0,1,3,0,0,0,0,0,95236
0,0,0,1,0,0,0,0,0,1,95239
2,1,1,1,0,0,0,0,0,0,95244
NA,NA,NA,NA,NA,NA,NA,NA,NA,NA,95250
0,3,0,0,0,0,0,2,0,0,95258
1,0,0,0,0,0,0,0,0,1,95259
0,1,3,3,2,0,0,0,0,1,95262
0,0,0,0,0,0,0,0,0,NA,95272
0,0,0,0,0,0,0,0,0,NA,95273
0,0,0,0,0,0,0,0,0,NA,95276
0,1,0,1,0,0,0,0,0,0,95278
0,0,2,0,0,0,0,0,0,0,95281
0,0,0,0,0,0,0,0,0,NA,95287
0,0,1,1,0,0,0,0,0,0,95289
0,0,0,1,0,0,0,0,0,0,95298
NA,NA,NA,NA,NA,NA,NA,NA,NA,NA,95310
2,1,2,1,1,0,1,0,0,1,95315
0,0,3,0,0,0,0,0,0,0,95316
0,0,0,0,1,0,0,0,0,0,95318
0,0,0,0,0,0,0,0,0,NA,95323
NA,NA,NA,NA,NA,NA,NA,NA,NA,NA,95333
0,0,0,1,0,0,0,0,0,0,95342
0,0,0,0,0,0,0,0,0,NA,95351
0,0,3,1,1,0,0,0,0,0,95352
0,0,0,0,0,0,0,0,0,NA,95356
0,0,0,0,0,0,0,0,0,NA,95360
1,2,2,2,3,1,1,1,0,1,95366
0,0,0,0,0,0,0,0,0,NA,95367
0,0,0,0,0,0,0,0,0,NA,95392
0,0,0,0,0,0,0,0,0,NA,95401
0,0,1,1,0,0,1,0,0,0,95406
0,0,3,0,0,0,0,0,0,0,95411
2,3,1,1,2,1,1,2,0,2,95413
0,0,0,0,0,0,0,0,0,NA,95414
0,0,0,0,0,0,0,0,0,NA,95415
0,0,0,0,0,0,0,0,0,NA,95416
0,0,0,0,0,0,0,0,0,NA,95417
0,0,0,0,0,0,0,0,0,NA,95418
0,0,3,0,1,0,0,0,0,0,95419
0,0,0,1,0,0,0,0,0,0,95420
0,0,1,1,0,0,1,0,0,0,95423
0,1,0,0,0,3,1,0,0,1,95432
0,0,0,0,0,0,0,0,0,NA,95444
0,0,0,0,0,0,0,0,0,NA,95448
0,0,0,0,0,0,0,0,0,NA,95449
0,0,0,0,0,0,0,0,0,NA,95450
0,0,0,0,0,0,0,0,0,NA,95452
2,0,0,0,2,0,0,0,0,0,95463
0,0,0,0,0,0,0,0,0,NA,95466
0,0,0,0,0,0,1,0,0,0,95469
0,0,0,7,2,0,0,1,0,0,95471
0,0,0,0,0,0,0,0,0,NA,95473
1,1,0,1,3,0,0,0,0,0,95474
0,1,1,0,0,0,0,1,0,0,95481
0,0,0,0,0,0,0,0,0,NA,95484
0,0,0,0,0,0,0,0,0,NA,95485
0,0,0,1,0,0,0,0,0,0,95486
0,1,0,1,0,1,0,0,0,1,95493
0,0,0,1,0,0,0,0,0,0,95495
0,0,0,1,0,1,0,0,0,0,95499
2,1,2,3,2,3,0,0,0,0,95501
0,0,0,0,0,0,0,0,0,NA,95504
0,0,3,1,1,0,0,1,0,0,95505
0,0,2,0,0,0,0,0,0,0,95510
1,0,0,1,0,0,0,0,0,0,95514
1,1,1,1,0,0,1,0,0,0,95515
0,0,0,0,0,0,0,0,0,NA,95524
0,0,0,1,0,0,0,0,0,1,95527
0,0,0,0,0,0,0,0,0,NA,95528
0,0,0,0,0,0,0,0,0,NA,95533
0,0,0,0,0,0,0,0,0,NA,95534
NA,NA,NA,NA,NA,NA,NA,NA,NA,NA,95557
0,0,0,1,1,0,2,0,0,0,95566
0,0,0,1,0,0,0,0,0,0,95568
NA,NA,NA,NA,NA,NA,NA,NA,NA,NA,95576
0,0,0,0,0,0,0,0,0,NA,95581
0,0,3,0,0,0,0,0,0,0,95583
0,0,1,0,0,0,0,0,0,0,95587
0,0,0,0,2,3,3,0,0,0,95588
0,0,0,0,0,0,0,0,0,NA,95589
0,0,2,2,0,0,0,0,0,0,95597
0,0,0,0,0,0,0,0,0,NA,95599
3,2,3,2,0,1,0,0,0,2,95600
0,0,0,0,0,0,0,0,0,NA,95601
0,2,0,0,0,0,0,0,0,0,95610
0,0,0,0,0,0,0,0,0,NA,95615
0,0,3,0,0,0,0,0,0,0,95621
1,1,3,2,1,1,1,0,0,0,95629
1,1,1,0,2,2,1,2,0,1,95633
3,0,1,0,0,0,0,0,0,0,95639
0,0,1,0,0,0,0,0,0,0,95652
0,1,1,1,2,0,0,0,0,0,95655
0,1,1,1,1,1,0,1,0,1,95659
0,0,1,1,0,0,0,0,0,0,95662
0,1,0,1,0,0,0,0,0,0,95671
1,1,1,1,0,1,1,2,0,0,95673
0,0,0,0,0,0,0,0,0,NA,95674
0,0,0,0,0,0,0,0,0,NA,95675
0,0,2,0,0,0,0,0,0,0,95678
0,1,0,3,0,0,1,0,0,2,95692
0,0,0,0,1,0,0,0,0,0,95696
1,1,0,1,0,1,0,0,0,1,95698
0,0,0,0,0,0,0,0,0,NA,95699
0,2,2,2,2,0,0,0,0,0,95703
NA,NA,NA,NA,NA,NA,NA,NA,NA,NA,95704
0,0,0,0,0,0,0,0,0,NA,95718
0,0,0,0,0,0,0,0,0,NA,95720
0,1,0,1,0,0,1,0,0,0,95722
0,0,1,1,1,0,0,0,0,0,95723
1,3,0,3,2,0,2,0,0,2,95725
0,0,0,0,2,0,0,0,0,0,95727
0,0,0,1,0,0,0,0,0,0,95734
0,1,0,1,0,0,1,0,0,1,95736
2,3,0,3,2,2,2,1,0,1,95738
0,0,1,1,1,0,0,0,0,0,95741
0,0,0,0,0,0,0,0,0,NA,95744
0,0,0,0,0,0,0,0,0,NA,95748
0,0,1,0,0,0,1,0,0,0,95754
1,2,3,3,3,3,0,2,1,0,95756
0,0,0,1,0,0,0,0,0,0,95766
1,1,1,1,0,0,1,0,0,1,95769
0,0,1,0,0,0,0,0,0,0,95789
0,0,1,1,0,0,1,0,0,0,95803
1,1,3,3,0,1,2,0,0,1,95808
0,0,1,1,0,0,0,0,0,0,95809
0,0,2,2,0,0,0,0,0,0,95814
NA,NA,NA,NA,NA,NA,NA,NA,NA,NA,95820
0,1,0,3,0,0,0,0,0,0,95825
0,0,0,0,0,0,0,0,0,NA,95828
0,2,1,1,0,0,1,1,1,1,95839
2,3,1,1,2,3,3,3,9,1,95853
NA,NA,NA,NA,NA,NA,NA,NA,NA,NA,95855
1,1,1,1,1,1,2,0,0,2,95860
NA,NA,NA,NA,NA,NA,NA,NA,NA,NA,95862
0,0,0,0,0,0,0,0,0,NA,95863
2,0,1,2,3,0,0,0,0,0,95870
0,0,0,0,0,0,0,0,0,NA,95877
0,0,0,0,0,0,0,0,0,NA,95902
1,1,1,1,1,0,0,1,0,1,95911
0,0,0,0,0,0,0,0,0,NA,95922
1,1,2,0,2,1,0,0,0,1,95927
0,1,1,1,3,2,2,0,0,0,95969
0,3,2,2,2,0,1,1,0,1,95976
0,0,0,0,0,0,0,0,0,NA,95983
0,0,0,1,0,0,0,0,0,0,95990
0,0,0,0,0,0,0,0,0,NA,95997
0,0,0,0,0,0,3,0,0,0,95998
0,0,0,0,0,0,0,0,0,NA,96000
0,NA,NA,NA,NA,NA,NA,NA,NA,NA,96019
0,0,3,3,2,2,2,0,0,2,96023
1,1,3,1,0,0,0,0,1,1,96025
1,2,3,3,2,3,0,1,1,0,96037
0,0,0,0,0,0,0,0,0,NA,96044
0,1,1,1,1,1,1,1,0,1,96066
0,0,2,1,0,0,1,0,0,0,96067
1,0,2,1,1,0,0,0,0,0,96078
0,0,0,0,0,0,0,0,0,NA,96079
0,0,1,2,0,0,0,0,0,0,96082
0,0,0,0,0,0,0,0,0,NA,96086
0,0,0,0,0,0,0,0,0,NA,96088
0,0,1,0,0,0,0,0,0,0,96090
0,0,0,0,0,0,0,0,0,NA,96091
0,0,0,0,0,0,0,0,0,NA,96092
1,1,2,1,0,1,2,0,0,1,96096
0,0,0,0,0,0,0,0,0,NA,96098
3,1,1,2,0,3,2,2,0,1,96100
NA,NA,NA,NA,NA,NA,NA,NA,NA,NA,96103
1,1,1,2,1,0,0,0,0,1,96108
0,0,1,1,0,0,0,0,0,0,96111
0,1,2,0,0,0,0,1,0,0,96120
0,0,0,0,0,0,0,0,0,NA,96130
0,0,0,0,0,0,0,0,0,NA,96134
0,0,0,0,0,0,0,0,0,NA,96136
0,1,0,1,1,1,1,0,0,0,96137
0,1,0,0,0,0,0,1,1,0,96138
0,0,1,0,0,0,0,0,0,0,96141
0,0,0,0,0,0,0,0,0,NA,96149
1,1,2,1,2,1,1,0,0,1,96150
0,0,0,0,0,0,0,0,0,NA,96151
NA,NA,NA,NA,NA,NA,NA,NA,NA,NA,96156
0,0,0,0,0,0,0,0,0,NA,96159
0,0,1,2,0,1,0,0,0,1,96163
0,0,1,0,0,0,0,0,0,0,96165
2,1,3,2,1,2,0,0,0,0,96169
0,0,0,0,0,0,0,0,0,NA,96170
NA,NA,NA,NA,NA,NA,NA,NA,NA,NA,96171
0,0,0,0,0,0,0,0,0,NA,96178
0,0,0,0,0,0,0,0,0,NA,96179
2,0,0,0,0,0,0,0,0,0,96181
0,0,0,0,0,0,0,0,0,NA,96186
0,0,0,0,0,0,0,0,0,NA,96205
2,0,1,0,3,0,0,0,0,0,96230
0,0,0,0,0,0,0,0,0,NA,96234
0,0,1,0,0,0,0,0,0,0,96239
0,0,0,1,0,1,1,3,0,0,96250
1,0,0,3,1,0,0,0,0,1,96252
0,0,0,0,0,0,0,0,0,NA,96266
0,0,0,0,0,0,0,0,0,NA,96271
0,0,0,0,0,0,0,0,0,NA,96272
0,0,1,0,0,0,0,0,0,0,96282
0,0,1,1,0,0,0,0,0,0,96288
NA,NA,NA,NA,NA,NA,NA,NA,NA,NA,96293
0,0,0,0,0,0,0,0,0,NA,96302
1,0,0,0,0,0,0,0,0,0,96306
0,2,0,3,0,0,0,0,0,1,96308
0,0,0,0,0,0,0,0,0,NA,96313
0,0,0,0,0,0,0,0,0,NA,96317
1,0,3,3,0,0,0,0,0,1,96319
0,1,0,0,0,0,0,0,0,0,96322
0,0,0,1,0,0,0,0,0,0,96323
0,0,0,0,0,0,0,0,0,NA,96330
0,0,0,0,0,0,0,0,0,NA,96348
0,0,0,1,0,0,0,0,0,0,96350
0,0,0,0,0,0,0,0,0,NA,96351
0,0,0,0,0,0,0,0,0,NA,96352
0,0,0,0,0,0,0,0,0,NA,96357
2,3,2,2,3,0,0,1,0,1,96358
0,0,1,0,0,0,0,0,0,0,96367
0,0,0,0,0,0,0,0,0,NA,96370
1,0,0,1,0,0,0,0,0,0,96372
0,0,1,2,1,0,0,0,0,1,96379
NA,NA,NA,NA,NA,NA,NA,NA,NA,NA,96386
0,1,1,0,2,1,1,0,0,1,96392
0,0,0,0,0,0,0,0,0,NA,96396
0,0,0,0,0,0,0,0,0,NA,96398
2,0,0,2,0,0,0,0,0,0,96402
3,3,3,3,2,0,0,3,0,1,96406
NA,NA,NA,NA,NA,NA,NA,NA,NA,NA,96409
0,0,0,1,1,0,1,0,0,0,96416
0,0,3,0,0,0,0,0,0,0,96420
0,0,0,0,0,0,0,0,0,NA,96422
0,0,0,0,0,0,0,0,0,NA,96432
0,0,0,1,1,0,0,0,0,0,96433
0,0,1,1,0,0,0,0,0,0,96443
NA,NA,NA,NA,NA,NA,NA,NA,NA,NA,96444
1,0,0,1,1,0,1,0,0,0,96449
1,1,0,1,0,0,0,0,1,0,96457
0,0,0,0,0,0,0,0,0,NA,96462
1,0,1,1,0,0,1,0,0,0,96463
NA,NA,NA,NA,NA,NA,NA,NA,NA,NA,96465
3,0,1,3,0,0,0,0,0,0,96468
0,0,0,0,0,0,0,0,0,NA,96471
0,0,2,2,1,0,3,0,0,1,96479
0,0,0,0,0,0,0,0,0,NA,96484
NA,NA,NA,NA,NA,NA,NA,NA,NA,NA,96486
0,0,0,0,0,0,0,0,0,NA,96495
0,0,0,0,0,0,0,0,0,NA,96497
1,0,2,2,1,1,2,2,0,1,96505
0,0,0,0,0,0,0,0,0,NA,96508
0,0,0,0,0,0,0,0,0,NA,96510
NA,NA,NA,NA,NA,NA,NA,NA,NA,NA,96514
0,0,0,0,0,0,0,0,0,NA,96515
1,0,0,1,1,1,0,0,0,0,96519
NA,NA,NA,NA,NA,NA,NA,NA,NA,NA,96526
0,0,0,0,0,0,0,0,0,NA,96529
1,1,1,2,1,2,0,0,0,1,96532
0,0,0,3,0,0,0,0,0,0,96537
0,0,0,0,0,0,0,0,0,NA,96540
0,0,0,0,0,0,0,0,0,NA,96543
0,0,1,1,0,0,1,0,0,0,96547
NA,NA,NA,NA,NA,NA,NA,NA,NA,NA,96548
0,0,1,1,0,0,0,0,0,0,96553
0,0,0,0,0,0,0,0,0,NA,96565
0,0,1,0,1,0,0,0,0,0,96566
0,0,0,1,0,0,0,0,0,0,96573
0,0,0,0,0,0,0,0,0,NA,96578
NA,NA,NA,NA,NA,NA,NA,NA,NA,NA,96583
1,0,1,1,1,0,1,0,0,0,96587
0,0,0,0,0,0,0,0,0,NA,96590
NA,NA,NA,NA,NA,NA,NA,NA,NA,NA,96595
0,0,0,0,0,0,0,0,0,NA,96603
0,0,0,1,0,0,0,0,0,0,96607
2,2,0,1,1,1,1,1,0,1,96610
0,0,0,0,0,0,0,0,0,NA,96615
0,0,0,1,0,0,0,0,0,0,96616
2,2,2,1,0,2,1,0,0,1,96622
2,0,0,0,0,0,1,0,0,0,96625
2,2,0,2,0,0,2,0,0,0,96629
3,3,0,0,3,0,0,0,0,0,96630
0,0,0,0,0,0,0,0,0,NA,96634
0,0,1,1,0,0,1,0,0,0,96644
0,0,0,0,0,0,0,0,0,NA,96646
0,0,0,0,0,0,0,0,0,NA,96653
0,0,0,0,0,0,0,0,0,NA,96660
0,0,0,0,0,0,0,0,0,NA,96663
1,0,0,1,0,0,1,0,0,0,96669
NA,NA,NA,NA,NA,NA,NA,NA,NA,NA,96671
0,0,0,0,0,0,0,1,0,0,96672
1,2,2,1,1,2,1,0,0,1,96675
0,0,1,0,1,1,0,0,0,0,96683
0,1,0,1,1,0,0,0,0,0,96688
2,0,0,1,1,0,0,0,0,0,96694
1,0,1,1,0,0,0,0,0,0,96701
0,0,0,0,0,0,0,0,0,NA,96706
0,0,0,2,2,0,1,0,0,0,96708
0,1,0,0,0,0,0,0,0,0,96718
0,0,0,1,1,1,0,0,0,0,96719
0,0,0,0,0,0,0,0,0,NA,96736
0,0,0,1,0,0,0,0,0,0,96737
1,1,1,2,1,0,0,0,0,0,96739
1,1,0,0,1,0,0,0,0,0,96752
0,0,2,3,2,0,0,0,0,0,96753
NA,NA,NA,NA,NA,NA,NA,NA,NA,NA,96754
0,0,2,2,3,0,0,0,0,0,96764
0,0,0,0,0,0,0,0,0,NA,96766
0,0,0,0,0,0,0,0,0,NA,96771
NA,NA,NA,NA,NA,NA,NA,NA,NA,NA,96776
0,0,0,0,0,0,0,0,0,NA,96777
0,0,0,0,0,0,0,0,0,NA,96799
2,0,0,0,1,0,0,1,0,0,96804
0,0,0,0,1,0,1,0,0,0,96810
0,0,0,0,0,0,0,0,0,NA,96822
0,0,0,0,0,0,0,0,0,NA,96823
NA,NA,NA,NA,NA,NA,NA,NA,NA,NA,96827
0,0,0,0,0,0,0,0,0,NA,96830
1,1,2,1,1,1,1,0,1,0,96833
0,0,2,3,0,0,0,0,0,0,96834
0,0,0,0,1,0,0,0,0,0,96835
3,3,2,3,1,3,1,0,1,1,96839
0,0,0,0,0,0,0,0,0,NA,96841
0,1,0,1,0,0,0,0,0,0,96847
0,0,0,0,0,0,1,0,0,0,96865
0,0,0,0,0,0,0,0,0,NA,96866
NA,NA,NA,NA,NA,NA,NA,NA,NA,NA,96868
0,0,0,0,0,0,0,0,0,NA,96884
0,0,0,1,0,0,0,0,0,0,96892
0,0,0,0,0,0,1,0,0,0,96899
0,0,0,0,0,0,0,0,0,NA,96901
0,0,0,2,0,0,0,0,0,0,96903
0,0,1,1,0,1,1,0,0,0,96906
0,0,0,0,0,0,0,0,0,NA,96908
0,0,0,1,0,0,0,0,0,0,96912
0,0,0,0,0,0,0,0,0,NA,96915
0,0,0,0,0,0,0,0,0,NA,96922
0,0,0,0,0,0,0,0,0,NA,96926
1,2,1,1,1,2,2,1,0,1,96934
2,3,3,3,2,3,3,2,1,1,96939
2,1,3,3,2,1,2,1,0,1,96944
1,1,0,2,1,1,1,2,0,1,96945
0,0,1,1,0,0,0,0,0,0,96951
2,3,2,1,1,0,0,0,0,0,96952
0,0,0,0,0,0,0,0,0,NA,96972
0,0,0,0,0,0,0,0,0,NA,96976
0,0,1,1,0,0,0,0,0,0,96978
1,1,1,3,1,1,2,1,0,1,96983
1,0,1,1,0,0,0,0,0,0,96992
0,0,0,0,0,0,0,0,0,NA,96998
0,0,0,1,1,0,0,0,0,0,97000
1,2,2,2,2,7,0,0,0,0,97017
2,3,1,3,1,1,1,1,0,1,97019
1,0,0,0,0,0,0,0,0,0,97021
0,0,3,3,0,1,0,0,0,0,97025
0,1,1,1,0,0,0,0,0,0,97026
0,0,0,0,0,0,0,0,0,NA,97030
0,0,0,0,0,0,0,0,0,NA,97031
0,0,0,0,0,0,0,0,0,NA,97035
0,0,0,0,0,0,0,0,0,NA,97044
1,0,1,1,1,0,0,0,0,0,97046
0,0,1,0,1,0,1,0,0,1,97049
0,0,2,1,1,0,0,0,0,0,97051
1,1,0,0,0,0,0,0,0,0,97054
0,0,1,1,1,0,0,0,0,0,97064
0,0,0,0,0,0,0,0,0,NA,97075
0,1,3,1,0,0,0,2,0,1,97088
1,0,0,0,1,0,0,0,0,0,97092
0,2,3,2,2,3,2,0,0,1,97095
1,1,0,1,1,0,0,0,0,0,97096
1,1,0,1,1,1,0,0,0,1,97099
0,0,1,0,1,0,0,0,0,0,97102
0,0,0,0,0,0,0,0,0,NA,97104
0,0,0,0,0,0,0,0,0,NA,97111
0,0,2,0,2,0,0,0,0,0,97117
NA,NA,NA,NA,NA,NA,NA,NA,NA,NA,97120
0,0,0,1,0,0,0,0,0,0,97122
0,0,0,0,0,0,0,0,0,NA,97125
NA,NA,NA,NA,NA,NA,NA,NA,NA,NA,97133
0,0,1,1,0,0,1,0,0,1,97138
1,1,1,1,1,1,0,0,0,1,97139
NA,NA,NA,NA,NA,NA,NA,NA,NA,NA,97140
1,0,0,0,0,0,0,0,0,0,97143
0,0,0,0,0,0,0,0,0,NA,97144
1,0,3,2,1,1,0,0,0,0,97146
0,1,1,1,0,0,1,0,0,0,97147
0,0,0,0,0,0,0,0,0,NA,97150
0,0,0,2,0,0,0,0,0,0,97152
0,0,0,0,0,0,1,0,0,1,97153
3,3,3,1,3,3,2,3,1,2,97157
3,3,3,3,0,3,3,0,3,0,97164
0,0,0,0,0,0,0,0,0,NA,97166
0,0,0,0,0,0,0,0,0,NA,97181
0,0,0,0,0,0,0,0,0,NA,97182
0,1,0,0,0,0,0,0,0,0,97184
0,0,2,2,2,0,0,0,0,0,97189
0,0,0,0,0,0,0,0,0,NA,97191
0,0,1,1,1,0,0,0,0,1,97193
0,0,0,0,0,0,0,0,0,NA,97200
3,0,0,1,0,0,0,0,0,0,97201
0,0,0,0,0,0,0,0,0,NA,97204
0,0,0,0,0,0,0,0,0,NA,97206
NA,NA,NA,NA,NA,NA,NA,NA,NA,NA,97221
1,0,1,1,1,0,0,0,0,0,97231
0,0,0,0,0,0,0,0,0,NA,97236
0,0,0,0,0,0,0,0,0,NA,97251
0,0,1,1,0,0,0,0,0,0,97259
NA,NA,NA,NA,NA,NA,NA,NA,NA,NA,97260
0,0,3,0,1,0,0,1,0,0,97264
0,0,3,0,0,0,0,0,0,0,97272
0,0,1,0,1,0,0,0,0,0,97275
1,1,2,2,2,0,0,0,0,0,97277
0,0,0,0,0,0,0,0,0,NA,97280
0,0,2,0,2,0,0,0,0,0,97282
0,0,1,1,0,0,2,0,0,1,97284
1,1,1,1,1,0,0,1,0,0,97293
1,0,0,1,1,1,0,0,0,0,97304
0,0,0,0,0,0,0,0,0,NA,97305
0,0,0,0,0,0,0,0,0,NA,97306
0,0,0,1,1,0,0,0,0,0,97308
0,0,0,0,0,0,0,0,0,NA,97313
0,0,0,0,0,0,0,2,0,0,97319
0,0,0,0,0,0,0,0,0,NA,97320
NA,NA,NA,NA,NA,NA,NA,NA,NA,NA,97321
1,2,3,1,1,0,3,1,0,2,97324
0,0,0,1,0,0,0,0,0,0,97326
0,0,0,0,0,0,0,0,0,NA,97332
0,0,0,0,0,0,0,0,0,NA,97333
1,2,2,2,2,2,2,2,1,2,97338
0,0,0,2,0,0,0,0,0,0,97339
1,0,1,1,1,0,0,0,0,0,97345
NA,NA,NA,NA,NA,NA,NA,NA,NA,NA,97354
0,0,0,0,0,0,0,0,0,NA,97356
0,0,0,0,0,0,0,0,0,NA,97357
0,0,0,0,0,0,0,0,0,NA,97360
0,0,0,0,0,0,0,0,0,NA,97362
0,3,0,3,0,3,0,0,0,0,97364
1,1,1,2,2,1,0,0,0,1,97367
0,0,1,1,0,0,0,0,0,0,97371
0,0,2,2,0,0,0,2,0,1,97373
0,1,0,2,3,0,0,0,0,0,97374
1,0,2,2,3,0,0,0,0,1,97375
NA,NA,NA,NA,NA,NA,NA,NA,NA,NA,97380
0,0,0,0,0,0,0,0,0,NA,97381
0,0,2,0,0,0,0,0,0,0,97383
0,0,0,0,0,0,0,0,0,NA,97391
0,0,0,0,0,0,0,0,0,NA,97392
0,0,3,2,0,0,0,3,0,0,97407
1,0,2,1,2,0,1,2,0,1,97408
0,0,0,0,0,0,0,0,0,NA,97409
0,0,0,0,0,0,0,0,0,NA,97410
0,0,0,0,0,0,0,0,0,NA,97422
0,0,3,3,2,0,0,0,0,0,97429
0,0,0,0,0,0,0,0,0,NA,97432
3,0,0,0,0,0,0,0,0,0,97436
0,0,1,1,0,0,0,0,0,0,97437
0,3,0,0,0,1,0,0,1,0,97443
0,0,1,0,1,0,1,1,0,0,97449
0,0,0,0,0,0,0,0,0,NA,97456
1,1,2,2,0,0,0,0,0,0,97458
0,0,0,0,0,0,0,0,0,NA,97460
0,0,1,1,0,0,0,0,0,0,97462
NA,NA,NA,NA,NA,NA,NA,NA,NA,NA,97463
0,0,0,1,0,0,1,0,0,0,97465
0,0,0,0,0,0,0,0,0,NA,97483
0,0,0,3,0,1,0,0,0,0,97485
0,0,0,2,1,0,0,0,0,0,97492
1,0,1,1,0,0,1,1,0,0,97495
1,0,0,0,0,0,0,0,0,0,97501
3,3,3,2,2,1,3,3,0,1,97505
0,0,1,1,0,0,0,0,0,0,97506
0,0,0,1,1,0,0,0,0,0,97507
0,0,0,1,0,0,0,0,0,0,97510
2,1,2,2,2,1,0,0,0,1,97513
0,0,1,0,0,0,0,0,0,0,97516
1,0,3,1,2,1,0,0,0,0,97531
0,1,0,0,1,1,0,0,0,0,97532
0,0,0,1,1,0,0,0,0,0,97533
0,1,0,1,0,0,0,0,0,0,97536
0,0,2,2,0,0,0,0,0,0,97537
0,0,0,0,0,0,0,0,0,NA,97544
0,1,0,0,0,1,0,0,0,0,97548
0,0,0,0,0,0,0,0,0,NA,97560
1,1,1,1,0,0,0,0,1,0,97568
0,0,0,0,0,0,0,0,0,NA,97569
0,0,0,0,0,0,0,0,0,NA,97573
0,0,0,0,0,2,0,0,0,1,97574
0,0,0,0,0,0,0,0,0,NA,97576
0,0,0,0,0,0,0,0,0,NA,97580
0,0,0,0,0,0,0,0,0,NA,97582
2,0,0,2,0,0,1,0,0,1,97588
NA,NA,NA,NA,NA,NA,NA,NA,NA,NA,97589
0,1,0,1,0,0,0,0,0,0,97593
0,0,0,0,0,0,0,0,0,NA,97600
0,0,0,0,0,0,0,0,0,NA,97602
0,1,0,1,0,0,0,0,0,0,97605
1,1,2,1,1,0,1,1,0,1,97608
0,0,0,1,0,0,0,0,0,0,97610
0,0,1,1,3,0,0,0,0,0,97617
0,0,1,1,1,0,0,0,0,0,97620
1,0,1,1,0,0,1,0,0,0,97621
0,0,1,0,0,0,0,0,0,0,97624
0,0,0,1,0,0,0,0,0,0,97627
2,2,2,1,1,0,1,2,0,0,97630
NA,NA,NA,NA,NA,NA,NA,NA,NA,NA,97639
0,0,0,0,0,0,0,0,0,NA,97641
0,0,2,0,0,0,0,0,0,0,97662
0,0,0,0,0,0,0,0,0,NA,97668
0,0,2,1,1,0,0,0,0,0,97684
0,0,0,0,0,0,0,2,0,0,97693
0,0,0,0,3,0,0,3,0,2,97697
0,0,1,1,0,0,0,0,0,0,97698
0,0,0,0,0,0,0,0,0,NA,97699
NA,NA,NA,NA,NA,NA,NA,NA,NA,NA,97705
0,0,0,1,0,0,0,0,0,0,97708
0,0,0,0,0,0,0,0,0,NA,97709
1,1,1,1,1,0,2,0,0,0,97713
3,0,0,0,0,0,0,0,0,0,97716
0,0,1,0,0,0,0,0,0,0,97719
0,0,0,0,0,0,0,0,0,NA,97723
0,2,3,3,0,1,0,0,2,7,97724
0,0,1,0,0,0,0,0,0,0,97744
0,0,0,0,0,0,0,0,0,NA,97751
0,0,1,1,1,0,2,0,0,0,97760
2,3,3,0,0,NA,NA,NA,NA,NA,97765
0,0,1,1,0,0,0,0,0,1,97766
0,0,1,1,1,0,0,0,0,0,97768
0,0,0,0,0,0,0,0,0,NA,97777
NA,NA,NA,NA,NA,NA,NA,NA,NA,NA,97779
0,1,2,2,1,1,0,1,0,1,97787
0,0,0,1,0,0,0,0,0,0,97788
0,0,0,0,0,0,0,0,0,NA,97790
0,1,0,2,2,0,0,0,0,0,97795
0,0,0,0,0,0,0,0,0,NA,97806
0,0,0,0,0,0,0,0,0,NA,97832
0,0,0,0,0,0,0,0,0,NA,97835
0,0,0,0,0,0,0,0,0,NA,97840
0,0,0,0,0,0,0,0,0,NA,97851
NA,NA,NA,NA,NA,NA,NA,NA,NA,NA,97853
0,0,0,0,0,0,0,0,0,NA,97859
0,0,0,0,1,0,0,0,0,0,97862
0,0,0,0,0,0,0,0,0,NA,97871
0,0,1,0,0,0,0,0,0,0,97874
0,0,3,1,1,0,1,0,0,0,97882
0,0,0,0,0,0,0,0,0,NA,97891
0,0,1,0,0,0,0,0,0,1,97902
0,0,0,1,0,0,0,0,0,0,97903
0,1,0,1,0,0,0,0,0,0,97909
1,3,0,3,3,3,3,3,3,2,97915
0,0,0,0,0,0,0,0,0,NA,97928
0,1,2,1,2,1,1,1,0,1,97930
0,0,0,0,0,0,0,0,0,NA,97937
0,0,0,1,0,0,1,0,0,0,97940
0,0,1,1,0,0,0,0,0,0,97941
0,0,1,1,0,2,0,0,0,0,97943
0,0,1,3,0,0,0,0,0,0,97945
0,0,0,1,1,0,0,0,0,0,97946
0,0,2,0,0,0,0,0,0,0,97952
3,1,0,1,3,0,0,0,0,0,97964
0,0,0,0,0,0,0,0,0,NA,97967
0,0,0,0,0,0,0,0,0,NA,97969
0,0,0,0,0,0,0,0,0,NA,97971
0,0,0,0,0,0,0,0,0,NA,97972
1,1,1,1,1,0,1,0,0,0,97978
0,0,1,1,0,1,0,0,0,0,97987
0,0,0,0,2,1,2,0,0,0,97999
0,0,0,0,0,0,0,0,0,NA,98005
0,0,0,0,0,0,0,0,0,NA,98006
0,0,1,0,0,0,0,0,0,0,98007
0,0,0,2,0,0,0,0,0,0,98010
0,0,0,1,0,0,0,0,0,0,98014
0,0,0,0,0,0,0,0,0,NA,98018
0,0,0,0,0,0,0,0,0,NA,98029
0,0,0,0,0,0,0,0,0,NA,98040
0,0,0,0,0,0,0,0,0,NA,98046
0,1,1,1,1,1,1,1,0,2,98047
3,0,3,3,0,0,0,0,0,1,98049
1,2,0,1,2,2,0,0,0,0,98052
1,0,0,0,0,0,3,0,0,0,98058
0,0,0,0,0,0,0,0,0,NA,98060
3,0,0,0,0,0,0,0,0,0,98062
0,0,0,0,0,0,0,0,0,NA,98066
2,2,0,0,0,2,1,0,0,1,98081
0,0,1,1,1,0,0,0,0,0,98082
0,0,0,1,0,0,0,0,0,1,98084
1,0,0,0,0,0,0,0,0,0,98087
1,2,1,1,1,0,0,0,0,0,98096
1,1,2,1,0,0,1,0,0,0,98097
0,0,0,0,0,0,0,0,0,NA,98099
0,0,0,0,0,0,0,0,0,NA,98101
0,0,0,3,0,0,0,0,0,0,98107
0,0,0,0,0,0,0,0,0,NA,98121
0,1,1,1,0,1,2,1,0,0,98124
0,0,0,0,0,0,0,0,0,NA,98137
0,0,0,1,0,0,0,0,0,0,98147
0,0,0,0,0,0,0,0,0,NA,98152
0,0,1,0,0,0,0,0,0,1,98156
0,0,0,0,1,0,0,0,0,0,98169
2,1,2,2,1,0,1,0,0,0,98174
1,0,0,1,0,0,1,0,0,0,98195
0,0,0,0,0,0,0,0,0,NA,98197
NA,NA,NA,NA,NA,NA,NA,NA,NA,NA,98199
0,0,0,0,0,0,0,0,0,NA,98204
3,3,0,1,0,1,0,1,0,3,98207
0,0,0,0,0,0,0,0,0,NA,98209
0,0,0,0,0,0,0,0,0,NA,98212
0,0,0,0,0,0,0,0,0,NA,98216
0,0,0,0,0,0,0,0,0,NA,98218
0,0,0,0,0,0,0,0,0,NA,98225
NA,NA,NA,NA,NA,NA,NA,NA,NA,NA,98236
2,0,1,0,0,0,0,0,0,0,98241
1,2,0,3,2,0,0,0,0,0,98243
NA,NA,NA,NA,NA,NA,NA,NA,NA,NA,98251
0,0,0,0,0,0,0,0,0,NA,98255
0,1,1,1,0,0,0,0,0,0,98256
1,1,1,0,0,3,1,0,0,1,98267
1,1,0,3,1,1,0,0,0,0,98272
2,1,1,1,0,0,0,0,0,1,98277
0,1,0,1,0,1,0,0,1,0,98293
1,1,2,2,2,1,2,1,0,1,98295
0,0,0,0,0,0,0,0,0,NA,98299
0,0,0,0,0,0,0,0,0,NA,98301
0,0,1,0,0,0,0,0,0,0,98304
0,0,0,0,0,0,0,0,0,NA,98308
0,0,0,3,2,0,1,0,0,1,98310
1,1,1,1,0,1,1,1,0,3,98318
0,0,0,0,0,0,0,0,0,NA,98320
0,0,0,1,0,0,1,0,0,0,98323
1,0,1,1,0,0,1,0,0,0,98328
0,0,0,0,0,0,0,0,0,NA,98334
2,0,2,1,0,0,0,0,0,1,98344
0,0,0,0,0,0,0,0,0,NA,98351
0,1,1,0,0,1,0,0,0,2,98353
1,0,0,1,0,1,0,1,0,1,98360
0,0,0,0,0,0,0,0,0,NA,98364
0,0,3,1,0,0,0,0,0,0,98368
0,0,1,0,0,0,0,0,0,0,98369
2,0,0,1,3,1,0,0,0,1,98371
1,1,3,1,1,2,0,3,0,1,98376
0,0,0,0,0,1,0,0,0,0,98379
0,0,0,0,0,0,0,0,0,NA,98384
0,0,0,0,0,0,0,0,0,NA,98385
2,2,0,0,0,0,0,0,0,0,98390
NA,NA,NA,NA,NA,NA,NA,NA,NA,NA,98391
0,1,1,3,0,1,0,0,1,1,98393
0,0,0,0,0,0,0,0,0,NA,98401
1,1,0,1,1,0,0,0,0,0,98402
0,0,0,1,0,0,0,0,0,0,98403
0,0,0,0,0,0,0,0,0,NA,98411
0,2,0,2,2,0,0,0,0,0,98412
0,3,3,3,0,3,0,3,0,1,98413
0,0,0,0,0,0,0,0,0,NA,98414
0,0,0,0,0,0,0,0,0,NA,98421
NA,NA,NA,NA,NA,NA,NA,NA,NA,NA,98426
1,0,0,1,2,0,0,0,0,1,98428
1,0,2,2,0,0,0,0,0,0,98431
0,0,0,1,1,1,1,0,0,0,98436
0,0,0,3,0,0,0,0,0,1,98438
1,0,1,1,1,0,0,0,0,0,98444
0,0,0,0,0,0,0,0,0,NA,98454
0,0,0,0,0,0,0,0,0,NA,98457
0,1,1,1,1,0,1,1,0,1,98458
NA,NA,NA,NA,NA,NA,NA,NA,NA,NA,98461
0,0,0,0,0,0,0,0,0,NA,98462
0,0,0,1,0,0,0,0,0,0,98469
1,2,0,1,1,2,0,0,0,0,98470
0,0,2,1,0,0,0,0,0,0,98475
2,1,3,0,1,0,0,0,0,1,98479
0,0,0,0,0,0,0,0,0,NA,98485
2,3,2,2,1,2,2,1,2,1,98493
0,0,0,0,0,0,0,0,0,NA,98496
2,1,3,3,3,0,0,2,0,0,98502
0,0,0,0,0,0,0,0,0,NA,98506
0,0,2,0,0,0,0,0,0,0,98508
0,0,0,3,0,0,1,0,0,0,98517
1,1,0,1,0,1,0,0,0,0,98521
0,0,1,1,0,0,0,0,0,1,98524
0,3,0,3,0,3,3,3,0,1,98535
NA,NA,NA,NA,NA,NA,NA,NA,NA,NA,98544
0,0,0,0,0,0,0,0,0,NA,98548
0,0,0,3,0,0,0,0,0,0,98553
0,0,0,0,0,0,0,0,0,NA,98557
0,0,1,2,0,0,0,0,0,0,98558
0,0,0,0,0,0,0,0,0,NA,98561
0,0,0,1,1,0,0,0,0,0,98565
0,1,0,1,0,0,3,0,0,0,98569
1,1,2,2,2,1,3,0,0,2,98571
0,0,1,1,0,0,0,0,0,0,98574
0,0,0,0,0,0,0,0,0,NA,98579
0,0,2,2,0,0,0,0,0,0,98581
3,3,3,3,3,0,3,3,1,3,98585
0,0,0,0,0,0,0,0,0,NA,98592
0,0,0,0,1,0,0,0,0,0,98598
0,0,0,0,0,0,0,0,0,NA,98600
1,1,0,1,0,0,0,0,0,0,98602
0,0,2,1,0,0,0,0,0,0,98605
0,0,0,0,0,0,0,0,0,NA,98606
1,1,3,2,1,1,0,2,0,0,98610
0,0,0,0,0,0,0,0,0,NA,98615
0,0,0,0,0,0,0,0,0,NA,98617
1,1,0,1,0,1,0,0,1,0,98627
0,0,0,0,0,0,0,0,0,NA,98638
0,0,0,0,0,0,0,0,0,NA,98641
2,2,3,3,0,0,3,0,1,0,98651
0,0,1,1,0,0,0,0,0,0,98657
0,0,1,1,1,0,0,0,0,0,98661
0,2,1,1,1,1,1,1,0,2,98687
0,0,0,0,0,0,0,0,0,NA,98689
2,2,1,3,1,0,3,0,0,2,98690
0,0,1,1,0,0,0,0,0,0,98691
0,0,1,0,1,0,0,0,0,0,98693
0,0,2,0,0,0,0,0,0,0,98695
0,0,0,1,0,0,0,0,0,0,98698
0,0,0,2,0,0,0,0,0,0,98713
0,0,0,0,0,0,0,0,0,NA,98718
0,1,0,1,0,0,0,0,0,0,98722
1,0,1,1,1,0,0,1,0,0,98745
2,1,3,3,3,0,0,0,0,0,98749
0,0,0,1,0,0,0,0,0,0,98762
0,0,0,0,0,0,0,0,0,NA,98767
3,3,3,3,3,1,3,3,0,1,98768
1,1,0,0,0,1,0,0,0,1,98769
0,0,1,1,0,0,0,0,0,0,98775
0,0,0,0,0,0,0,0,0,NA,98778
1,1,3,1,0,1,1,1,0,0,98781
0,0,2,2,0,0,0,0,0,0,98803
1,1,1,1,1,0,1,0,0,0,98804
0,0,0,1,0,0,0,1,0,0,98807
NA,NA,NA,NA,NA,NA,NA,NA,NA,NA,98813
0,0,0,0,0,0,0,0,0,NA,98814
1,1,1,1,1,0,0,0,0,0,98819
NA,NA,NA,NA,NA,NA,NA,NA,NA,NA,98821
0,0,0,0,0,0,0,0,0,NA,98824
0,1,1,1,1,1,0,0,0,1,98828
1,1,3,1,1,1,1,0,0,2,98840
3,3,3,3,2,2,3,2,0,2,98846
0,0,0,3,3,1,0,0,0,0,98847
0,0,0,3,0,0,0,0,0,0,98848
0,0,0,1,0,0,0,0,0,0,98854
0,0,0,0,0,0,0,0,0,NA,98864
1,1,1,1,2,1,1,1,1,1,98870
1,1,3,3,0,0,0,0,0,1,98872
NA,NA,NA,NA,NA,NA,NA,NA,NA,NA,98880
0,0,0,0,0,0,0,0,0,NA,98892
0,0,0,1,1,0,0,0,0,0,98903
0,1,1,1,1,0,0,0,0,0,98910
3,0,0,3,0,0,0,0,0,1,98916
0,0,0,0,0,0,0,0,0,NA,98918
0,0,0,1,1,0,0,0,0,0,98923
1,0,1,1,1,1,0,0,0,0,98927
0,0,0,0,0,0,0,0,0,NA,98932
0,0,0,0,0,0,0,0,0,NA,98940
0,1,0,0,0,0,1,0,0,0,98941
0,0,1,1,0,0,0,0,0,0,98948
0,1,3,1,0,1,0,0,0,1,98953
3,0,3,3,3,0,0,3,0,0,98957
2,2,2,2,1,1,0,0,0,0,98961
NA,NA,NA,NA,NA,NA,NA,NA,NA,NA,98964
0,1,0,1,1,0,0,1,0,0,98971
2,0,2,3,0,0,0,0,0,0,98977
0,0,0,0,0,0,0,0,0,NA,98981
0,0,2,2,0,0,0,0,0,0,98985
0,0,1,1,1,0,0,0,0,0,98988
NA,NA,NA,NA,NA,NA,NA,NA,NA,NA,98990
0,0,0,0,0,0,0,0,0,NA,98992
0,0,0,0,0,0,0,0,0,NA,98995
0,0,1,0,0,0,0,0,0,0,98996
0,0,0,0,0,0,0,0,0,NA,98997
0,0,0,0,0,0,0,0,0,NA,99001
0,0,0,0,0,0,0,0,0,NA,99005
0,0,0,0,0,0,0,0,0,NA,99011
0,1,1,0,0,0,1,0,0,0,99012
0,0,0,0,0,0,0,0,0,NA,99016
0,0,0,1,0,0,0,0,0,0,99018
0,1,1,0,0,1,0,0,0,0,99023
0,0,0,1,0,0,0,0,0,0,99024
0,0,0,0,0,0,0,0,0,NA,99025
2,1,0,1,0,1,2,1,0,1,99033
1,1,0,1,1,0,0,0,0,0,99041
0,0,0,1,0,0,0,0,0,0,99043
0,0,3,0,3,0,0,0,0,0,99044
0,0,0,1,0,0,0,0,0,0,99047
0,1,1,1,1,0,0,0,0,1,99056
0,0,0,0,0,0,0,0,0,NA,99057
1,0,2,3,3,0,0,1,0,0,99060
3,1,3,3,0,0,0,0,0,0,99064
0,0,0,0,0,0,0,0,0,NA,99066
0,0,0,3,3,0,0,0,3,0,99083
3,0,0,0,0,0,0,0,0,0,99087
1,3,3,3,1,0,3,0,0,0,99099
2,0,2,3,2,0,2,0,0,0,99101
0,0,0,0,0,0,0,0,0,NA,99102
1,1,1,1,1,1,1,0,0,1,99105
0,0,1,1,0,1,0,0,0,0,99108
1,1,0,1,0,1,0,0,0,1,99116
NA,NA,NA,NA,NA,NA,NA,NA,NA,NA,99117
0,0,0,0,0,0,0,0,0,NA,99127
0,0,0,0,0,0,0,0,0,NA,99134
NA,NA,NA,NA,NA,NA,NA,NA,NA,NA,99144
0,0,0,1,1,0,0,0,0,0,99152
0,0,1,1,2,0,0,0,0,2,99156
1,1,3,1,0,1,3,0,1,0,99167
0,0,0,1,0,0,0,0,0,0,99168
0,0,0,0,0,0,0,0,0,NA,99171
0,0,0,0,0,0,0,0,0,NA,99173
0,0,0,0,0,0,0,0,0,NA,99176
NA,NA,NA,NA,NA,NA,NA,NA,NA,NA,99178
0,0,0,0,0,0,0,0,0,NA,99183
0,0,0,0,0,0,0,0,0,NA,99186
1,0,3,0,0,1,0,0,0,0,99187
0,0,0,0,1,0,0,0,0,0,99188
0,0,0,0,0,0,0,0,0,NA,99190
0,0,0,1,0,0,0,0,0,0,99197
3,3,3,3,3,2,3,3,0,0,99200
1,1,0,1,1,1,0,0,0,0,99204
0,0,0,0,0,0,0,0,0,NA,99207
1,0,3,3,2,0,0,0,0,1,99210
0,0,1,0,0,0,0,0,0,0,99221
0,0,2,0,2,0,0,0,0,0,99224
0,0,0,0,0,0,0,0,0,NA,99230
0,0,0,2,1,0,0,0,0,0,99231
1,1,1,1,1,0,0,0,0,0,99232
0,0,1,0,0,0,0,0,0,0,99233
0,0,0,0,0,0,0,0,0,NA,99240
0,0,0,0,0,0,0,0,0,NA,99242
3,0,0,2,0,0,0,0,0,0,99262
0,0,1,1,0,0,0,0,0,0,99280
0,0,1,1,0,0,0,0,0,0,99289
0,0,0,1,0,0,0,0,0,0,99292
2,1,0,3,1,3,0,0,0,0,99313
0,0,0,0,0,0,0,0,0,NA,99320
0,0,0,0,0,0,0,0,0,NA,99327
0,0,1,1,0,0,0,1,0,1,99338
0,0,1,3,0,0,0,0,0,0,99341
0,0,0,0,0,0,0,0,0,NA,99344
1,0,0,0,0,0,0,0,0,0,99345
1,1,1,2,1,2,0,0,0,1,99348
2,2,1,3,3,2,0,1,2,1,99354
0,0,0,0,1,1,1,0,0,1,99358
NA,NA,NA,NA,NA,NA,NA,NA,NA,NA,99361
0,0,0,0,0,0,0,0,0,NA,99370
NA,NA,NA,NA,NA,NA,NA,NA,NA,NA,99380
0,0,0,0,0,0,0,0,0,NA,99390
0,0,0,1,0,0,0,0,0,0,99394
1,1,0,1,2,0,0,0,0,0,99401
0,0,0,0,0,0,0,0,0,NA,99402
0,0,0,0,0,0,0,0,0,NA,99404
1,1,1,1,1,1,0,0,0,1,99410
0,0,0,0,0,0,0,0,0,NA,99412
0,0,1,1,0,0,0,0,0,0,99415
0,0,1,0,0,0,0,0,0,0,99418
0,0,0,0,0,0,0,0,0,NA,99421
0,0,0,0,0,0,0,0,0,NA,99424
0,0,0,0,0,0,0,0,0,NA,99425
0,1,0,0,0,0,0,0,0,0,99428
0,0,0,0,0,0,0,0,0,NA,99429
0,0,0,1,0,1,0,0,0,0,99430
0,0,3,2,0,0,0,0,0,0,99431
0,0,0,0,0,0,0,0,0,NA,99435
1,1,2,2,2,1,2,1,0,1,99436
1,1,1,2,0,2,2,0,0,2,99440
0,0,0,0,0,0,0,0,0,NA,99442
0,0,0,2,0,0,2,2,0,0,99453
2,3,3,3,3,1,3,0,0,1,99459
0,0,0,0,0,0,0,0,0,NA,99461
0,0,0,0,0,0,0,0,0,NA,99464
0,2,1,2,1,0,0,0,0,0,99465
0,0,0,0,0,0,0,0,0,NA,99469
0,0,0,1,0,0,0,0,0,0,99470
0,0,3,0,0,0,0,0,0,0,99477
0,1,1,1,3,1,0,0,0,0,99481
0,0,1,0,0,0,0,0,0,0,99483
3,3,1,1,1,1,0,0,0,0,99488
0,0,0,0,0,0,0,0,0,NA,99492
0,0,1,0,0,0,0,0,0,0,99497
0,0,0,1,0,0,0,0,0,0,99498
1,1,1,1,0,0,0,0,0,1,99505
0,0,0,1,0,0,0,0,0,0,99506
0,0,0,0,0,0,0,0,0,NA,99509
1,1,0,1,2,0,1,0,0,1,99525
0,0,1,1,0,0,0,1,0,0,99533
NA,NA,NA,NA,NA,NA,NA,NA,NA,NA,99534
0,0,0,0,0,0,0,0,0,NA,99535
2,0,1,3,3,0,1,0,0,0,99536
0,0,3,0,0,0,0,0,0,0,99540
NA,NA,NA,NA,NA,NA,NA,NA,NA,NA,99565
1,0,0,3,3,0,0,0,0,0,99568
0,1,1,1,0,1,1,0,0,1,99577
0,0,0,0,0,0,0,0,0,NA,99580
0,0,0,1,0,1,0,0,0,0,99583
0,0,1,1,1,1,0,0,0,0,99584
0,0,0,0,0,0,0,0,0,NA,99589
0,0,0,0,0,0,0,0,0,NA,99593
0,0,0,0,1,0,0,0,0,0,99599
1,0,1,1,0,0,0,0,0,0,99600
7,0,1,0,0,0,0,0,0,0,99602
0,0,0,0,0,0,0,0,0,NA,99604
0,0,2,2,1,0,0,0,0,1,99615
0,0,2,1,0,0,0,0,0,0,99616
0,0,0,0,0,0,0,0,0,NA,99621
0,0,0,0,0,0,0,0,0,NA,99625
1,0,0,0,0,0,0,0,0,0,99632
1,1,0,3,1,1,2,2,1,1,99635
0,0,0,0,0,0,1,0,0,0,99653
1,1,1,1,0,0,0,1,0,0,99658
0,0,0,2,0,0,0,0,0,1,99659
0,0,0,0,1,0,0,0,0,0,99661
1,0,0,3,0,0,0,0,0,0,99665
0,0,0,0,0,0,0,1,0,0,99679
2,1,0,3,1,0,3,0,0,3,99694
0,0,1,0,0,0,1,0,0,0,99695
0,0,0,0,0,0,0,0,0,NA,99703
0,0,1,1,0,0,0,0,0,0,99717
0,0,0,0,0,0,0,0,0,NA,99740
0,0,0,1,0,0,0,0,0,2,99742
0,1,0,0,1,0,0,0,0,0,99749
1,0,1,1,1,0,0,0,0,0,99757
0,0,0,1,0,0,0,0,0,0,99758
0,0,0,0,0,0,0,0,0,NA,99763
0,0,1,3,0,0,0,0,0,0,99768
0,0,0,0,0,0,0,0,0,NA,99772
NA,NA,NA,NA,NA,NA,NA,NA,NA,NA,99774
0,0,1,1,0,0,0,0,0,0,99777
0,1,0,1,0,0,0,0,0,0,99779
0,0,1,1,0,0,0,0,0,0,99790
0,1,0,1,0,1,0,0,0,0,99793
0,0,0,0,2,0,0,0,0,0,99795
2,1,3,2,0,1,0,0,0,1,99798
2,0,0,0,0,0,0,0,0,0,99800
2,0,1,2,0,0,0,0,0,0,99806
2,2,2,2,1,0,2,2,0,0,99808
1,1,1,1,1,0,0,1,0,1,99811
NA,NA,NA,NA,NA,NA,NA,NA,NA,NA,99815
0,0,0,1,0,0,1,0,0,0,99817
0,0,0,1,0,0,0,0,0,0,99824
0,0,0,0,0,0,0,0,0,NA,99825
0,0,0,0,0,0,0,0,0,NA,99839
1,1,1,1,1,2,0,0,0,1,99848
0,0,0,0,0,0,0,0,0,NA,99854
1,1,1,2,1,0,0,0,0,0,99868
1,1,0,1,0,1,0,0,0,0,99869
0,0,2,0,0,1,0,0,0,0,99870
0,0,0,0,0,0,0,0,0,NA,99876
1,1,1,1,0,1,0,0,0,1,99883
0,0,0,0,0,1,0,0,0,0,99884
0,0,1,3,0,0,0,0,0,0,99886
0,0,0,0,0,0,0,0,0,NA,99887
0,0,0,1,1,0,0,2,0,1,99890
0,0,0,0,1,0,0,0,0,0,99898
1,1,2,2,0,1,0,1,1,1,99899
1,1,1,1,1,0,1,1,0,1,99908
0,0,0,1,0,0,1,0,0,0,99909
0,0,0,0,0,0,0,0,0,NA,99913
0,0,0,0,0,0,0,0,0,NA,99919
0,2,0,1,0,1,1,0,0,1,99920
NA,NA,NA,NA,NA,NA,NA,NA,NA,NA,99922
0,0,0,0,0,0,0,0,0,NA,99926
0,0,0,0,0,0,0,0,0,NA,99928
1,1,3,1,3,1,0,1,0,1,99929
0,0,3,3,3,0,0,0,0,0,99930
0,0,2,2,2,1,1,0,0,1,99934
0,0,0,0,0,0,0,0,0,NA,99937
3,0,0,0,0,0,0,0,0,0,99938
1,1,3,3,3,1,3,1,0,0,99945
0,0,0,0,0,0,0,0,0,NA,99948
0,0,0,1,0,0,0,0,0,0,99951
2,0,1,1,0,0,0,0,0,0,99952
0,0,0,0,0,0,0,0,0,NA,99954
0,0,0,0,0,0,0,0,0,NA,99959
0,1,0,0,0,0,0,0,0,0,99961
1,1,3,1,2,0,0,0,0,0,99964
0,0,0,0,2,0,0,0,0,0,99966
0,0,1,0,0,0,1,2,0,0,99969
0,0,0,0,0,0,0,0,0,NA,99983
0,0,0,0,0,0,1,0,0,0,99985
1,1,2,1,0,0,0,0,0,0,99989
0,0,0,0,1,0,0,0,0,0,99992
0,0,1,0,0,0,0,0,0,0,99997
1,0,1,1,1,1,1,0,0,0,99999
0,0,1,1,2,0,1,0,0,0,100001
NA,NA,NA,NA,NA,NA,NA,NA,NA,NA,100008
0,0,1,1,0,0,0,0,0,0,100009
0,0,0,0,0,0,0,0,0,NA,100012
0,0,0,0,0,0,0,0,0,NA,100019
0,0,0,0,0,0,0,0,0,NA,100020
0,1,2,1,1,2,1,3,1,2,100040
0,0,1,0,0,0,0,0,0,0,100044
2,0,2,3,0,0,0,0,0,1,100046
0,0,1,0,0,0,0,0,0,0,100053
NA,NA,NA,NA,NA,NA,NA,NA,NA,NA,100061
0,0,2,3,0,0,0,1,0,0,100071
NA,NA,NA,NA,NA,NA,NA,NA,NA,NA,100077
0,0,0,0,0,0,0,0,0,NA,100085
0,1,0,0,0,0,0,0,0,0,100089
0,0,0,0,1,0,0,0,0,0,100095
0,0,0,0,0,0,0,0,0,NA,100098
0,1,0,1,1,0,0,0,0,0,100113
0,0,3,1,2,2,2,3,0,1,100133
0,0,0,1,2,1,0,1,0,0,100136
0,0,1,0,1,0,0,0,0,0,100145
0,0,0,1,0,0,0,0,0,0,100151
0,0,0,1,0,0,0,0,0,0,100152
0,0,0,0,0,0,0,0,0,NA,100154
0,0,0,0,0,0,0,0,0,NA,100181
0,1,0,2,0,1,1,0,0,0,100202
3,1,3,1,3,3,1,0,1,0,100204
1,1,1,1,1,1,0,0,0,1,100210
1,0,2,1,1,0,1,1,0,1,100211
0,0,0,0,0,0,0,0,0,NA,100212
0,0,0,1,0,0,0,0,0,0,100213
0,0,0,0,0,0,0,0,0,NA,100219
0,0,2,1,1,3,3,0,0,1,100222
0,0,0,0,0,0,0,0,0,NA,100231
0,0,1,1,1,0,0,0,0,1,100238
0,0,0,0,0,0,0,0,0,NA,100242
0,0,3,0,0,0,3,1,0,0,100243
0,0,0,2,0,0,0,0,2,1,100248
0,1,1,1,0,1,0,0,0,1,100250
0,0,0,0,0,0,0,0,0,NA,100251
0,0,0,0,0,0,0,0,0,NA,100253
3,3,3,3,2,3,0,0,0,1,100258
0,0,0,1,0,0,0,0,0,0,100261
0,0,0,0,3,0,0,0,0,1,100264
0,0,1,1,0,0,0,0,0,0,100268
2,2,0,1,1,1,2,0,0,0,100273
1,0,0,1,0,0,0,0,0,0,100278
0,0,3,1,0,0,1,0,0,0,100280
0,0,0,2,0,0,0,0,0,0,100281
NA,NA,NA,NA,NA,NA,NA,NA,NA,NA,100289
0,0,2,2,0,0,0,1,0,0,100292
0,0,0,0,0,0,0,0,0,NA,100298
1,1,0,0,2,1,0,0,0,0,100305
2,1,1,2,3,0,0,1,0,0,100309
0,0,0,0,0,0,0,0,0,NA,100313
0,1,0,0,1,1,0,0,0,0,100319
0,0,0,0,0,0,0,0,0,NA,100332
1,0,0,0,1,0,1,0,0,0,100333
NA,NA,NA,NA,NA,NA,NA,NA,NA,NA,100354
0,0,0,0,0,0,0,0,0,NA,100357
0,0,0,0,0,0,0,0,0,NA,100361
0,0,0,0,0,0,0,0,0,NA,100362
0,0,0,0,0,0,0,0,0,NA,100373
1,2,2,2,3,0,1,0,0,1,100388
0,0,1,0,0,0,0,0,0,1,100389
3,3,2,3,3,3,0,3,3,1,100395
NA,NA,NA,NA,NA,NA,NA,NA,NA,NA,100414
1,1,0,3,2,1,1,0,0,2,100419
0,0,0,0,0,0,0,0,0,NA,100421
0,0,0,0,0,0,0,0,0,NA,100424
0,0,0,0,0,0,0,0,0,NA,100425
0,0,0,0,0,0,0,0,0,NA,100427
0,0,1,0,2,1,0,0,0,0,100428
0,0,0,0,0,0,0,0,0,NA,100429
0,0,0,0,0,0,0,0,0,NA,100433
3,2,3,3,3,1,1,0,3,3,100436
NA,NA,NA,NA,NA,NA,NA,NA,NA,NA,100440
1,0,0,0,3,1,0,0,0,0,100443
3,3,3,3,0,3,2,2,1,0,100445
0,0,1,0,1,1,0,0,0,1,100447
0,0,0,0,0,0,0,0,0,NA,100461
0,0,0,0,0,0,0,0,0,NA,100463
1,1,1,0,2,1,0,1,2,1,100464
0,0,0,0,0,0,0,0,0,NA,100466
NA,NA,NA,NA,NA,NA,NA,NA,NA,NA,100476
1,1,0,3,1,3,3,1,0,3,100484
0,1,0,1,1,1,0,0,0,0,100485
0,1,2,1,0,0,1,0,0,0,100494
0,2,0,3,0,0,0,0,0,0,100497
0,0,0,0,0,0,0,0,0,NA,100501
0,0,0,0,0,0,0,0,0,NA,100505
0,0,0,1,0,0,0,0,0,0,100509
0,0,1,1,0,0,1,0,0,0,100514
0,0,0,0,0,0,0,0,0,NA,100526
NA,NA,NA,NA,NA,NA,NA,NA,NA,NA,100540
0,0,0,0,0,0,0,0,0,NA,100551
0,0,0,0,0,0,0,0,0,NA,100554
0,1,0,3,0,0,0,3,0,1,100563
0,0,0,0,1,0,0,0,0,0,100574
0,0,0,0,0,0,0,0,0,NA,100575
0,0,0,0,0,0,0,0,0,NA,100579
2,2,2,2,0,0,0,0,0,0,100580
0,0,1,3,0,0,0,0,0,1,100586
1,1,0,2,1,1,2,0,0,1,100592
0,0,0,0,0,0,0,0,0,NA,100597
0,0,0,0,0,0,0,0,0,NA,100610
1,0,3,0,2,0,0,1,0,0,100613
0,0,0,1,0,0,1,0,0,0,100621
0,1,0,1,0,1,0,0,0,0,100622
3,2,2,3,1,2,1,0,0,2,100623
0,0,0,0,0,0,0,0,0,NA,100632
0,0,0,1,0,0,0,0,0,0,100635
0,0,1,0,0,0,0,0,0,0,100638
0,0,0,0,0,0,0,0,0,NA,100641
NA,NA,NA,NA,NA,NA,NA,NA,NA,NA,100650
0,2,1,2,0,2,0,0,2,1,100653
1,0,1,1,0,0,0,0,0,0,100670
0,0,0,0,0,0,0,0,0,NA,100673
0,0,0,0,0,0,0,0,0,NA,100674
2,1,0,2,0,0,3,0,0,0,100680
2,1,1,0,1,0,0,0,0,0,100681
1,1,1,2,3,2,0,0,0,1,100693
0,0,0,0,0,0,0,0,0,NA,100698
3,1,0,3,0,0,0,1,0,0,100705
0,0,1,1,0,0,0,0,0,0,100713
NA,NA,NA,NA,NA,NA,NA,NA,NA,NA,100723
NA,NA,NA,NA,NA,NA,NA,NA,NA,NA,100735
3,1,2,3,2,1,3,0,0,1,100739
0,0,0,0,0,0,0,0,0,NA,100741
0,1,0,1,0,0,0,0,0,0,100742
1,1,1,2,0,1,3,1,0,1,100747
0,0,0,0,0,0,0,0,0,NA,100756
0,0,0,0,0,0,0,0,0,NA,100759
3,0,0,0,2,0,0,0,0,0,100771
0,0,0,0,0,0,0,0,0,NA,100772
NA,NA,NA,NA,NA,NA,NA,NA,NA,NA,100778
1,0,1,0,0,0,0,0,0,0,100782
0,0,0,0,0,0,0,0,0,NA,100787
0,0,0,0,0,0,0,0,0,NA,100788
3,0,0,1,0,0,1,2,0,0,100796
0,0,0,0,0,0,0,0,0,NA,100801
0,0,0,1,0,0,1,1,0,0,100817
3,3,3,3,3,3,3,0,0,3,100825
0,0,2,1,1,0,0,0,0,0,100827
1,1,2,3,3,1,0,0,0,1,100832
0,0,0,2,3,0,0,0,0,0,100834
0,0,0,0,0,0,0,0,0,NA,100837
0,0,1,1,1,0,1,0,0,0,100846
0,0,0,0,0,0,0,0,0,NA,100847
0,0,0,0,0,0,0,0,0,NA,100848
NA,NA,NA,NA,NA,NA,NA,NA,NA,NA,100849
0,0,0,1,0,0,0,0,0,0,100855
NA,NA,NA,NA,NA,NA,NA,NA,NA,NA,100865
0,0,1,0,0,0,0,0,0,0,100877
1,1,0,0,0,0,1,0,0,0,100881
0,0,0,0,0,0,0,0,0,NA,100889
0,0,0,2,0,0,0,0,0,0,100890
0,0,0,1,1,0,1,1,0,0,100896
0,1,3,1,0,0,0,1,0,1,100913
0,0,0,2,0,0,2,1,0,0,100914
0,0,0,1,0,0,0,0,0,0,100919
1,1,3,3,0,1,0,0,0,1,100920
0,0,0,0,2,0,2,0,0,0,100923
0,0,0,0,0,0,0,0,0,NA,100924
0,0,0,0,0,0,0,0,0,NA,100926
0,0,0,0,0,0,0,0,0,NA,100930
NA,NA,NA,NA,NA,NA,NA,NA,NA,NA,100936
NA,NA,NA,NA,NA,NA,NA,NA,NA,NA,100943
0,0,0,0,0,0,0,0,0,NA,100948
0,0,0,0,0,0,0,0,0,NA,100963
NA,NA,NA,NA,NA,NA,NA,NA,NA,NA,100968
0,1,0,0,0,0,0,0,0,0,100971
0,1,1,0,3,1,0,0,0,1,100986
0,0,0,0,0,0,0,0,0,NA,100987
0,0,0,0,0,0,0,0,0,NA,100994
1,0,1,1,0,0,0,0,0,0,100996
0,0,0,0,0,0,0,0,0,NA,101007
0,0,0,1,0,0,0,0,0,0,101010
NA,NA,NA,NA,NA,NA,NA,NA,NA,NA,101015
0,0,0,3,0,0,0,0,0,0,101017
0,0,0,1,0,0,0,0,0,0,101021
0,1,1,1,0,0,0,0,0,0,101025
2,2,2,3,0,1,1,1,0,0,101027
0,0,0,0,0,0,0,0,0,NA,101031
3,0,0,0,0,0,0,0,0,0,101036
0,0,0,0,0,0,0,0,0,NA,101046
0,0,0,0,0,0,0,0,0,NA,101047
1,1,1,1,0,1,1,1,0,1,101049
1,1,0,1,1,1,1,0,0,0,101065
0,0,0,0,0,1,0,0,0,0,101068
2,2,2,2,2,2,2,1,0,0,101077
0,0,0,0,0,0,0,1,0,0,101088
2,2,1,3,0,0,0,0,0,1,101097
0,0,1,1,1,0,0,0,0,0,101099
0,0,0,1,0,0,0,0,0,0,101101
0,0,0,1,0,0,1,0,0,1,101102
0,1,3,1,1,0,0,0,0,0,101106
0,0,0,0,0,0,0,0,0,NA,101107
0,2,2,2,2,0,0,0,0,0,101109
0,0,0,0,0,0,0,0,0,NA,101112
0,0,3,0,0,0,0,0,0,0,101120
2,0,0,0,0,0,0,0,0,0,101123
0,2,1,3,0,0,0,0,0,0,101125
NA,NA,NA,NA,NA,NA,NA,NA,NA,NA,101127
NA,NA,NA,NA,NA,NA,NA,NA,NA,NA,101134
0,0,0,0,0,0,0,0,0,NA,101138
0,0,0,1,0,0,0,0,0,0,101141
0,0,0,1,0,0,0,0,0,0,101143
1,1,0,1,0,1,1,0,0,1,101149
2,2,3,2,1,1,1,0,0,1,101152
1,0,0,0,0,1,1,1,0,1,101169
0,0,2,1,0,0,0,0,0,0,101181
0,0,0,1,0,0,0,0,0,0,101182
0,0,1,0,0,0,0,0,0,0,101186
0,0,0,0,0,0,0,0,0,NA,101187
0,0,0,0,0,0,0,0,0,NA,101190
3,1,0,1,1,1,1,1,0,0,101193
NA,NA,NA,NA,NA,NA,NA,NA,NA,NA,101201
0,0,1,0,2,0,0,0,0,0,101206
0,0,0,1,3,0,1,0,0,0,101211
0,0,1,1,0,0,0,0,0,0,101221
NA,NA,NA,NA,NA,NA,NA,NA,NA,NA,101229
0,0,0,3,0,0,0,0,0,0,101230
0,0,3,0,0,0,0,0,0,0,101232
0,0,0,1,1,0,0,1,0,0,101236
1,0,2,3,0,0,1,0,0,1,101242
0,0,0,0,1,1,0,0,0,0,101251
0,0,0,0,0,0,0,0,0,NA,101258
0,0,0,0,0,0,0,0,0,NA,101266
0,0,0,0,0,0,0,0,0,NA,101273
0,0,0,1,0,0,0,0,0,0,101275
NA,NA,NA,NA,NA,NA,NA,NA,NA,NA,101291
0,0,3,0,0,0,0,0,0,0,101298
0,0,3,3,0,0,0,0,0,0,101311
0,0,0,0,0,0,0,0,0,NA,101319
0,0,1,1,0,0,0,0,0,0,101320
NA,NA,NA,NA,NA,NA,NA,NA,NA,NA,101322
1,1,0,0,0,0,1,0,0,1,101328
0,0,0,0,0,0,0,0,0,NA,101336
0,1,0,0,1,0,0,0,0,0,101339
0,0,3,2,0,0,0,0,0,0,101345
3,1,2,3,3,3,0,0,1,1,101348
0,0,0,0,0,0,0,0,0,NA,101359
0,0,0,0,0,0,0,0,0,NA,101360
0,1,3,1,0,1,0,0,0,0,101362
0,3,0,1,0,0,0,0,0,0,101370
0,0,0,1,1,0,1,1,0,0,101372
NA,NA,NA,NA,NA,NA,NA,NA,NA,NA,101375
0,0,0,0,0,0,0,0,0,NA,101382
2,2,3,3,0,0,1,3,0,1,101386
0,0,1,1,2,0,0,0,0,0,101389
0,1,2,1,1,0,0,0,1,9,101393
0,0,0,3,1,1,0,0,1,0,101398
0,0,0,0,0,0,0,0,0,NA,101401
0,0,0,0,1,1,0,0,0,0,101411
0,0,0,0,0,0,0,0,0,NA,101412
0,0,0,2,0,0,0,0,0,0,101426
0,0,3,1,1,0,0,0,0,0,101431
0,0,0,0,0,0,0,0,0,NA,101434
0,1,0,0,0,0,0,0,0,0,101438
1,1,1,0,3,1,0,1,0,0,101439
0,0,0,0,0,0,0,0,0,NA,101443
0,0,0,0,0,0,0,0,0,NA,101448
0,0,1,1,0,0,0,0,0,0,101449
0,0,1,2,0,0,0,0,0,1,101461
0,0,0,0,0,0,0,0,0,NA,101487
0,0,1,1,0,0,0,0,0,0,101490
0,1,3,3,1,1,0,2,0,0,101498
0,0,0,0,0,0,0,0,0,NA,101504
NA,NA,NA,NA,NA,NA,NA,NA,NA,NA,101508
0,0,0,0,0,0,0,0,0,NA,101515
0,0,0,0,0,0,0,0,0,NA,101516
NA,NA,NA,NA,NA,NA,NA,NA,NA,NA,101523
0,0,0,2,0,0,0,0,0,0,101527
0,0,0,1,0,0,0,0,0,0,101535
0,0,1,1,0,0,1,0,0,0,101544
0,0,0,0,0,0,0,0,0,NA,101550
1,0,0,1,0,0,0,0,0,0,101560
1,1,1,1,0,0,0,0,0,1,101563
0,0,0,1,0,0,0,0,0,0,101565
0,0,0,0,0,0,0,0,0,NA,101572
0,0,0,2,0,0,0,0,0,0,101580
1,0,1,2,0,0,0,0,0,0,101593
0,0,1,0,0,0,0,0,0,0,101597
0,0,0,0,0,0,0,0,0,NA,101599
1,1,0,2,0,1,1,0,0,0,101609
0,0,0,0,0,0,0,0,0,NA,101613
0,1,0,1,0,0,0,0,0,0,101616
0,0,1,0,0,0,0,0,0,0,101621
NA,NA,NA,NA,NA,NA,NA,NA,NA,NA,101634
0,0,0,0,0,0,0,0,0,NA,101654
1,3,2,0,0,1,0,2,0,1,101664
0,0,0,1,0,0,0,0,0,0,101669
0,0,2,2,0,0,0,0,0,0,101677
0,0,0,3,2,0,0,0,0,0,101682
0,0,0,0,0,0,0,0,0,NA,101687
0,1,1,2,0,1,2,0,0,1,101688
0,0,0,0,0,0,0,0,0,NA,101692
0,0,0,1,0,0,0,0,0,0,101714
0,1,0,0,0,0,0,0,0,0,101722
0,0,0,0,0,0,0,0,0,NA,101724
0,0,0,0,0,0,0,0,0,NA,101726
0,0,0,0,0,0,0,0,0,NA,101727
0,0,0,0,0,0,0,0,0,NA,101728
1,0,0,2,0,0,0,0,0,0,101730
0,0,2,2,2,0,0,0,0,0,101740
0,0,0,2,0,0,0,0,0,0,101742
0,1,2,2,0,0,0,2,0,0,101743
0,0,0,1,0,0,0,0,0,0,101744
0,0,0,0,0,0,0,0,0,NA,101750
0,0,0,0,0,0,0,0,0,NA,101755
0,0,0,0,0,0,0,0,0,NA,101756
0,0,1,1,0,0,0,0,0,0,101764
0,0,0,0,0,0,0,0,0,NA,101766
0,0,1,1,0,0,0,0,0,0,101778
0,3,1,1,0,1,3,3,0,3,101783
NA,NA,NA,NA,NA,NA,NA,NA,NA,NA,101784
NA,NA,NA,NA,NA,NA,NA,NA,NA,NA,101794
0,0,0,0,0,0,0,0,0,NA,101795
1,0,3,3,2,0,0,0,0,0,101807
0,1,2,1,0,1,0,0,0,0,101809
3,0,1,3,1,0,0,0,0,0,101817
0,0,1,0,0,0,0,0,0,0,101821
0,0,1,1,1,0,1,0,0,0,101830
0,0,0,3,0,0,0,0,0,0,101834
0,0,2,0,2,0,0,0,0,0,101840
NA,NA,NA,NA,NA,NA,NA,NA,NA,NA,101842
0,2,0,0,0,0,0,0,0,0,101843
1,0,0,0,2,1,0,0,0,0,101844
1,0,0,1,0,0,1,1,0,1,101850
0,0,0,1,0,0,0,0,0,0,101861
2,3,2,2,1,3,2,1,0,2,101865
NA,NA,NA,NA,NA,NA,NA,NA,NA,NA,101866
1,0,0,1,0,1,0,0,0,0,101867
0,0,0,0,0,0,0,0,0,NA,101874
0,0,0,1,0,0,1,0,0,0,101876
0,0,0,1,0,0,0,0,0,0,101879
0,1,1,1,1,1,0,0,0,1,101882
0,0,1,0,0,0,0,0,0,0,101884
0,0,0,0,0,0,0,0,0,NA,101893
0,0,0,0,0,0,0,2,0,0,101894
0,0,0,0,0,0,0,0,0,NA,101903
0,0,0,0,0,0,0,0,0,NA,101904
0,0,0,0,0,0,0,0,0,NA,101910
0,0,0,2,0,0,0,0,0,0,101936
NA,NA,NA,NA,NA,NA,NA,NA,NA,NA,101937
0,0,0,0,0,0,0,0,0,NA,101941
NA,NA,NA,NA,NA,NA,NA,NA,NA,NA,101945
0,0,0,0,0,0,0,0,0,NA,101947
1,1,3,3,3,1,3,1,0,1,101950
1,0,0,1,0,1,0,0,0,1,101965
0,0,0,0,0,0,0,0,0,NA,101966
1,1,0,1,1,0,0,0,0,0,101978
NA,NA,NA,NA,NA,NA,NA,NA,NA,NA,101980
NA,NA,NA,NA,NA,NA,NA,NA,NA,NA,101986
0,0,0,1,0,0,0,0,0,0,101987
0,0,0,0,0,0,0,0,0,NA,101993
0,0,0,0,0,0,0,0,0,NA,102001
0,0,0,1,0,0,0,0,1,0,102003
0,0,0,0,0,0,0,0,0,NA,102007
0,1,1,1,1,0,1,0,0,0,102021
2,1,0,1,1,0,0,0,0,0,102022
0,0,0,0,0,0,0,0,0,NA,102024
0,0,3,3,2,0,0,0,0,3,102027
0,0,0,0,0,1,0,0,0,1,102028
1,2,1,1,1,2,0,0,0,1,102030
1,1,0,1,0,0,1,2,0,1,102041
0,0,1,0,0,0,0,0,0,0,102057
0,0,0,0,0,0,0,0,0,NA,102062
1,9,9,NA,NA,NA,NA,NA,NA,NA,102068
0,0,0,1,0,0,0,0,0,0,102073
0,2,3,1,3,1,0,3,0,0,102074
0,0,0,0,0,0,0,0,0,NA,102091
0,0,0,0,0,0,0,0,0,NA,102092
0,0,1,1,1,0,0,0,0,0,102096
NA,NA,NA,NA,NA,NA,NA,NA,NA,NA,102103
0,0,0,0,0,0,0,0,0,NA,102105
1,2,3,1,1,1,2,0,0,1,102112
NA,NA,NA,NA,NA,NA,NA,NA,NA,NA,102113
0,0,2,0,0,0,0,0,0,0,102116
0,0,1,1,0,0,0,0,0,0,102117
1,2,3,2,0,1,0,2,1,1,102126
0,0,0,0,2,1,0,0,0,0,102128
0,0,0,0,0,0,0,0,0,NA,102130
0,0,0,0,0,0,0,0,0,NA,102133
0,0,0,0,0,0,0,0,0,NA,102152
NA,NA,NA,NA,NA,NA,NA,NA,NA,NA,102158
1,0,3,2,2,0,0,2,0,1,102162
0,0,0,0,0,0,3,0,0,0,102167
1,1,1,1,0,0,0,0,0,0,102170
0,0,1,1,0,0,1,0,0,0,102173
0,0,0,1,0,0,0,0,0,0,102179
0,0,0,2,0,0,0,0,0,0,102184
0,0,2,2,0,0,3,0,0,1,102185
0,1,0,0,0,1,0,0,1,1,102189
0,0,1,1,1,0,0,0,0,0,102198
1,0,0,0,0,0,0,0,0,0,102202
0,0,0,0,0,0,0,0,0,NA,102210
1,1,1,1,0,1,1,1,0,0,102211
1,0,2,2,0,0,0,0,0,0,102214
1,0,0,1,0,0,1,0,0,0,102215
0,0,1,1,1,0,0,0,0,0,102218
0,1,3,1,0,1,0,0,0,1,102219
3,0,2,2,1,0,0,0,0,0,102221
1,0,0,1,0,0,0,0,0,1,102224
1,0,1,1,0,0,0,0,0,0,102234
0,0,0,0,0,0,0,0,0,NA,102238
0,0,0,0,0,0,0,0,0,NA,102241
3,3,3,3,3,3,3,0,3,3,102245
0,0,3,1,0,0,0,0,0,0,102251
NA,NA,NA,NA,NA,NA,NA,NA,NA,NA,102254
0,0,1,1,0,0,0,0,0,0,102264
0,2,2,2,0,0,2,0,0,0,102266
0,0,0,1,0,0,0,0,0,0,102278
0,0,0,0,0,0,0,0,0,NA,102285
0,0,0,0,0,0,0,0,0,NA,102298
0,0,1,1,0,0,0,0,0,0,102301
1,0,1,1,0,0,1,0,0,0,102302
2,1,2,2,2,0,0,0,0,0,102306
0,0,0,1,0,0,0,0,0,0,102307
0,0,0,0,0,0,0,0,0,NA,102309
0,0,0,1,0,1,1,0,0,0,102313
0,0,0,0,0,0,0,0,0,NA,102321
0,0,0,0,0,0,0,0,0,NA,102329
0,0,1,3,0,0,0,0,0,0,102333
0,0,0,1,0,0,0,0,0,0,102336
0,0,0,1,0,0,0,0,0,0,102337
0,0,1,1,1,0,1,0,0,0,102344
0,0,0,0,0,0,0,0,0,NA,102348
0,0,0,0,0,0,0,0,0,NA,102349
0,0,1,1,0,0,0,0,0,0,102350
0,0,0,0,0,0,0,1,0,0,102355
NA,NA,NA,NA,NA,NA,NA,NA,NA,NA,102358
0,1,0,1,0,0,0,1,0,0,102361
0,0,0,0,0,0,0,0,0,NA,102362
NA,NA,NA,NA,NA,NA,NA,NA,NA,NA,102364
0,0,0,1,0,0,0,0,0,0,102366
0,0,1,1,0,0,0,0,0,0,102382
0,0,0,1,1,0,3,3,0,0,102383
0,1,0,2,0,0,0,0,0,1,102387
NA,NA,NA,NA,NA,NA,NA,NA,NA,NA,102391
0,0,0,1,0,0,0,0,0,0,102400
0,0,0,0,0,0,0,0,0,NA,102405
0,0,0,1,0,0,0,1,0,0,102410
0,0,2,0,0,0,0,0,0,0,102411
0,0,0,0,3,0,0,0,0,0,102416
1,1,2,1,1,1,1,3,0,1,102419
0,0,0,0,0,0,0,0,0,NA,102420
1,1,1,1,1,1,0,0,0,0,102421
3,3,3,3,1,2,0,0,0,1,102424
0,0,1,0,1,0,0,0,0,0,102425
0,0,3,3,3,0,0,0,0,0,102434
2,3,3,1,2,3,0,1,1,1,102443
0,0,0,0,0,0,0,0,0,NA,102445
0,3,3,3,0,3,0,0,0,0,102458
0,0,0,0,0,0,0,0,0,NA,102460
0,0,0,0,0,0,0,0,0,NA,102465
0,0,0,0,0,0,0,0,0,NA,102466
0,0,1,2,1,0,1,0,0,0,102467
0,0,0,2,3,0,3,3,0,1,102482
0,0,0,1,0,0,0,0,0,0,102488
0,1,2,1,0,1,0,0,0,0,102489
1,0,0,1,1,0,0,0,0,1,102504
0,0,0,0,0,0,0,0,0,NA,102507
1,0,0,0,0,0,0,0,0,1,102508
2,2,3,3,3,2,2,0,0,2,102512
0,0,0,0,0,0,0,0,0,NA,102520
0,0,0,0,0,0,0,0,0,NA,102522
3,1,3,0,1,1,0,1,0,1,102528
0,0,0,3,0,0,0,0,0,0,102544
2,1,2,1,0,1,0,0,0,0,102551
NA,NA,NA,NA,NA,NA,NA,NA,NA,NA,102554
0,0,0,0,0,0,0,0,0,NA,102559
0,0,0,0,0,0,0,0,0,NA,102573
1,1,1,2,2,2,0,1,1,2,102580
0,0,1,0,0,0,1,0,0,0,102581
0,0,0,0,0,0,0,0,0,NA,102588
1,1,1,2,1,2,0,0,0,1,102595
0,0,3,1,1,0,0,0,0,0,102597
0,0,0,0,0,0,0,0,0,NA,102605
0,0,0,1,0,0,0,0,0,0,102609
0,0,0,1,1,0,0,0,0,0,102616
3,0,1,1,0,0,0,0,0,0,102618
1,2,3,3,3,0,1,2,0,1,102624
0,0,1,1,1,0,0,0,0,0,102635
0,0,0,0,0,0,0,0,0,NA,102638
0,0,0,0,0,0,0,0,0,NA,102642
0,0,0,1,0,1,0,0,0,0,102649
NA,NA,NA,NA,NA,NA,NA,NA,NA,NA,102655
NA,NA,NA,NA,NA,NA,NA,NA,NA,NA,102660
0,0,3,2,0,0,0,0,0,0,102661
0,0,0,0,0,0,0,0,0,NA,102666
0,1,0,0,0,0,0,0,0,0,102668
2,0,0,1,0,0,0,0,0,0,102676
0,0,0,0,0,0,0,0,0,NA,102679
1,1,1,3,1,0,1,0,0,0,102694
0,0,1,1,1,0,0,0,0,1,102696
0,0,0,2,0,0,2,9,0,1,102697
0,0,2,2,0,0,0,0,0,0,102701
0,0,2,1,0,0,0,0,0,0,102704
0,0,0,1,0,0,0,0,0,1,102706
0,0,0,0,0,0,0,0,0,NA,102707
0,1,1,3,2,1,1,0,0,2,102710
0,0,0,1,0,0,0,0,0,0,102718
0,0,0,1,0,0,0,0,0,0,102722
0,0,0,1,2,0,0,0,0,1,102729
NA,NA,NA,NA,NA,NA,NA,NA,NA,NA,102731
1,0,0,0,0,0,0,0,0,0,102732
3,3,3,3,0,3,0,3,0,2,102733
0,0,2,0,0,0,0,0,0,0,102741
0,0,2,1,0,0,0,0,0,0,102743
0,0,2,1,0,0,0,0,0,0,102759
0,0,0,0,0,0,0,0,0,NA,102763
1,1,0,1,0,2,2,3,0,1,102768
0,0,0,0,0,0,0,0,0,NA,102771
0,0,3,1,0,0,0,0,0,0,102772
2,2,3,3,1,0,0,0,0,2,102775
NA,NA,NA,NA,NA,NA,NA,NA,NA,NA,102783
0,0,1,0,0,0,0,0,0,0,102785
NA,NA,NA,NA,NA,NA,NA,NA,NA,NA,102788
0,0,3,3,3,0,0,0,0,0,102792
0,0,0,0,0,0,0,0,0,NA,102797
0,1,3,1,3,0,3,0,0,2,102798
NA,NA,NA,NA,NA,NA,NA,NA,NA,NA,102801
0,0,0,0,0,0,0,0,0,NA,102807
0,0,0,0,0,0,0,0,0,NA,102811
0,0,0,0,0,0,0,0,0,NA,102820
0,0,1,1,1,0,0,0,0,0,102821
NA,NA,NA,NA,NA,NA,NA,NA,NA,NA,102835
0,0,1,0,0,0,0,0,0,0,102836
0,0,0,3,1,0,0,0,0,0,102846
0,0,1,1,1,0,0,1,0,1,102850
0,0,0,0,0,0,0,0,0,NA,102851
2,1,1,1,1,1,1,1,0,1,102855
0,0,0,0,0,0,1,0,0,0,102858
0,0,0,0,0,0,0,0,0,NA,102861
0,0,0,1,0,1,0,0,0,0,102863
NA,NA,NA,NA,NA,NA,NA,NA,NA,NA,102868
0,0,0,0,0,0,0,0,0,NA,102869
0,0,3,0,0,0,0,0,0,0,102870
0,0,0,1,0,0,0,0,0,0,102872
0,0,0,0,0,0,0,0,0,NA,102880
0,0,0,0,0,0,0,0,0,NA,102883
0,0,0,2,1,0,0,0,0,0,102885
0,0,1,0,3,0,0,0,0,0,102886
1,1,0,0,1,0,1,0,0,1,102890
0,0,0,0,0,0,0,0,0,NA,102893
NA,NA,NA,NA,NA,NA,NA,NA,NA,NA,102894
0,0,0,0,0,0,0,0,0,NA,102904
2,0,1,2,0,0,0,0,0,2,102910
3,2,3,3,3,1,0,1,0,1,102911
0,0,0,1,0,0,0,0,0,0,102913
0,0,0,0,0,0,0,0,0,NA,102914
1,0,2,2,1,0,1,0,0,0,102920
NA,NA,NA,NA,NA,NA,NA,NA,NA,NA,102921
0,0,1,1,1,0,2,0,0,1,102923
NA,NA,NA,NA,NA,NA,NA,NA,NA,NA,102946
0,0,0,1,0,0,0,0,0,0,102947
NA,NA,NA,NA,NA,NA,NA,NA,NA,NA,102948
0,0,0,0,0,0,0,0,0,NA,102949
1,1,1,1,1,1,1,0,0,1,102956
